0.222 -0.23135
0.22148 -0.23077
0.22155 -0.23042
0.22118 -0.23019
0.22107 -0.23002
0.221 -0.22984
0.22064 -0.22938
0.22088 -0.22908
0.22084 -0.22894
0.22078 -0.22882
0.22065 -0.22869
0.22028 -0.22845
0.22019 -0.22838
0.22015 -0.22832
0.22002 -0.22824
0.22013 -0.22813
0.21989 -0.22782
0.21974 -0.22762
0.21966 -0.22745
0.21946 -0.22728
0.21943 -0.22713
0.21898 -0.22684
0.21887 -0.22661
0.21856 -0.22628
0.21853 -0.22609
0.21824 -0.22593
0.21798 -0.22567
0.21763 -0.22554
0.2176 -0.22544
0.21737 -0.22535
0.21744 -0.22517
0.21712 -0.22479
0.21723 -0.22454
0.21713 -0.22446
0.21712 -0.22435
0.21709 -0.22424
0.2171 -0.22414
0.21711 -0.2241
0.21718 -0.22402
0.21716 -0.22396
0.21708 -0.22376
0.21701 -0.22352
0.2169 -0.22342
0.21692 -0.22338
0.21683 -0.2233
0.21659 -0.22322
0.21624 -0.22312
0.21617 -0.22291
0.21607 -0.22275
0.21597 -0.22264
0.21601 -0.22253
0.21597 -0.22229
0.2157 -0.22218
0.21571 -0.22202
0.21536 -0.22199
0.21522 -0.22181
0.2149 -0.22137
0.21474 -0.22105
0.21474 -0.22085
0.21464 -0.22067
0.21458 -0.22051
0.2141 -0.22014
0.21405 -0.21985
0.21393 -0.21963
0.21355 -0.21933
0.21349 -0.2191
0.21304 -0.21874
0.21262 -0.21852
0.21241 -0.21827
0.21217 -0.21803
0.21173 -0.21776
0.21154 -0.21729
0.21217 -0.21636
0.21188 -0.21617
0.21058 -0.21657
0.2112 -0.2158
0.20954 -0.2157
0.21018 -0.21469
0.20974 -0.21442
0.20921 -0.21445
0.20885 -0.21418
0.208 -0.21368
0.20768 -0.21341
0.20733 -0.21322
0.20703 -0.21288
0.20653 -0.21269
0.20578 -0.21229
0.20535 -0.21224
0.2049 -0.2121
0.20455 -0.21186
0.20422 -0.21174
0.20349 -0.2115
0.20317 -0.21144
0.20294 -0.21138
0.20271 -0.21131
0.20233 -0.21117
0.20173 -0.21097
0.20135 -0.21078
0.20098 -0.21064
0.20073 -0.21051
0.20009 -0.21036
0.19937 -0.20998
0.19919 -0.20977
0.19894 -0.20965
0.19849 -0.20944
0.19834 -0.20932
0.19785 -0.20904
0.19751 -0.20881
0.19736 -0.20856
0.197 -0.20846
0.1966 -0.20826
0.19609 -0.20802
0.19553 -0.20784
0.19529 -0.20771
0.1951 -0.20749
0.19452 -0.20725
0.19368 -0.20696
0.19332 -0.20669
0.19291 -0.20652
0.19249 -0.20626
0.19216 -0.20612
0.19126 -0.20591
0.19098 -0.20575
0.19066 -0.20564
0.19004 -0.20544
0.18982 -0.20537
0.18902 -0.20511
0.18859 -0.20509
0.18801 -0.20493
0.18775 -0.20484
0.18744 -0.20477
0.18656 -0.2046
0.18643 -0.20457
0.18596 -0.2046
0.18542 -0.20458
0.18494 -0.20469
0.18429 -0.20464
0.18381 -0.20456
0.18354 -0.20461
0.18337 -0.20454
0.1828 -0.20446
0.18216 -0.20444
0.18191 -0.20441
0.18122 -0.20431
0.18094 -0.20429
0.1808 -0.20418
0.1797 -0.20408
0.17932 -0.204
0.1787 -0.20389
0.17828 -0.20386
0.17789 -0.20377
0.17714 -0.20352
0.16421 -0.20318
0.16369 -0.2031
0.1631 -0.20312
0.16216 -0.20311
0.16174 -0.20305
0.16128 -0.2031
0.16078 -0.20314
0.16045 -0.20316
0.15947 -0.20317
0.15903 -0.20322
0.15867 -0.20324
0.15813 -0.20323
0.1576 -0.2033
0.15674 -0.20344
0.15622 -0.20348
0.15577 -0.20358
0.15521 -0.2036
0.15477 -0.20366
0.15377 -0.20358
0.15314 -0.20356
0.15261 -0.20354
0.15211 -0.2035
0.15147 -0.20355
0.15022 -0.20355
0.14968 -0.20353
0.1488 -0.20359
0.14834 -0.20354
0.14777 -0.20364
0.14661 -0.20367
0.14597 -0.20369
0.14523 -0.2038
0.14475 -0.20389
0.14404 -0.20396
0.14291 -0.20404
0.1424 -0.20408
0.14169 -0.20422
0.14109 -0.20427
0.14069 -0.20429
0.13926 -0.20445
0.13885 -0.20459
0.13822 -0.20467
0.13751 -0.20476
0.13687 -0.20485
0.13546 -0.20499
0.13474 -0.20517
0.13398 -0.20532
0.13318 -0.20547
0.1325 -0.20564
0.13096 -0.20597
0.13035 -0.20606
0.12942 -0.20627
0.12894 -0.20644
0.12804 -0.20656
0.12667 -0.20696
0.1257 -0.20716
0.12513 -0.2074
0.12427 -0.20766
0.12351 -0.20783
0.1219 -0.20835
0.12131 -0.20861
0.12046 -0.20883
0.11957 -0.20911
0.11907 -0.20931
0.11765 -0.20997
0.11678 -0.21027
0.11633 -0.21047
0.11545 -0.21089
0.11476 -0.2112
0.11404 -0.21147
0.11253 -0.21207
0.11188 -0.2124
0.11129 -0.21266
0.11053 -0.21307
0.10918 -0.21378
0.10879 -0.21401
0.10786 -0.21433
0.10731 -0.21471
0.10656 -0.21509
0.10612 -0.2154
0.1053 -0.2161
0.10449 -0.21657
0.10402 -0.21693
0.10336 -0.21734
0.10229 -0.21799
0.10178 -0.21836
0.10128 -0.21869
0.10067 -0.21908
0.10006 -0.21951
0.098976 -0.22028
0.098496 -0.22066
0.097923 -0.22107
0.097417 -0.22142
0.097018 -0.2218
0.096423 -0.2222
0.095438 -0.22299
0.094861 -0.22339
0.09467 -0.22375
0.094127 -0.22422
0.093237 -0.22493
0.09265 -0.22536
0.092168 -0.22573
0.09159 -0.22621
0.091215 -0.22661
0.090357 -0.22759
0.089986 -0.22805
0.089492 -0.2285
0.08903 -0.22893
0.088583 -0.22943
0.08787 -0.23038
0.087507 -0.2309
0.086989 -0.23139
0.086625 -0.23188
0.086247 -0.23244
0.085417 -0.23345
0.085095 -0.234
0.084806 -0.23457
0.08433 -0.23515
0.08405 -0.23577
0.083408 -0.23692
0.083272 -0.23746
0.082923 -0.2381
0.08252 -0.23877
0.082389 -0.23936
0.082055 -0.24003
0.08158 -0.24135
0.081177 -0.24204
0.080948 -0.24274
0.080741 -0.24341
0.080398 -0.24413
0.080037 -0.24554
0.079651 -0.24623
0.079405 -0.247
0.079355 -0.24767
0.079075 -0.24842
0.078456 -0.25013
0.078003 -0.2509
0.077957 -0.25169
0.077617 -0.25254
0.076875 -0.25413
0.076687 -0.25489
0.076185 -0.25568
0.076042 -0.25643
0.075649 -0.25718
0.075345 -0.25798
0.074941 -0.25937
0.074578 -0.26013
0.074591 -0.26081
0.074308 -0.26154
0.074021 -0.26232
0.073774 -0.2637
0.073385 -0.26441
0.073216 -0.26509
0.073194 -0.26572
0.072678 -0.26708
0.072656 -0.26775
0.072466 -0.26843
0.072104 -0.26913
0.072185 -0.26976
0.07184 -0.27045
0.071432 -0.27177
0.071286 -0.27253
0.070932 -0.27328
0.070883 -0.27392
0.070543 -0.27536
0.07035 -0.27602
0.070309 -0.27671
0.070105 -0.27729
0.070025 -0.27802
0.069871 -0.27868
0.069723 -0.28005
0.069807 -0.28072
0.069765 -0.28144
0.069615 -0.28217
0.069678 -0.28282
0.06952 -0.28426
0.069371 -0.28495
0.069306 -0.28571
0.069181 -0.28644
0.069164 -0.28791
0.069031 -0.28863
0.069125 -0.2894
0.069121 -0.29021
0.068976 -0.29101
0.06901 -0.29183
0.069116 -0.29345
0.069098 -0.29433
0.06921 -0.29525
0.069342 -0.29616
0.069429 -0.29703
0.069727 -0.29896
0.069792 -0.29994
0.070105 -0.30088
0.070255 -0.30186
0.070685 -0.30377
0.070787 -0.30476
0.071098 -0.3058
0.071326 -0.30683
0.071489 -0.3079
0.07185 -0.30889
0.072251 -0.311
0.072537 -0.31204
0.072814 -0.31306
0.073161 -0.31403
0.073662 -0.31608
0.074054 -0.31703
0.07422 -0.31803
0.07449 -0.31906
0.074874 -0.31999
0.075273 -0.32193
0.075576 -0.32287
0.075847 -0.32381
0.076085 -0.32475
0.076395 -0.32568
0.076794 -0.32657
0.077386 -0.32846
0.07771 -0.32941
0.077982 -0.33034
0.078315 -0.3313
0.078933 -0.33306
0.07917 -0.334
0.07952 -0.33484
0.079927 -0.33573
0.080373 -0.33658
0.080872 -0.3384
0.081435 -0.33918
0.081742 -0.34007
0.082234 -0.34081
0.082588 -0.34158
0.083496 -0.34299
0.083838 -0.34378
0.084314 -0.34452
0.084756 -0.34526
0.08509 -0.34602
0.085902 -0.34755
0.086272 -0.34828
0.086767 -0.34894
0.087144 -0.34969
0.087567 -0.35037
0.088529 -0.35173
0.089025 -0.35241
0.089408 -0.35307
0.089764 -0.35374
0.090207 -0.35444
0.091087 -0.35592
0.091536 -0.35651
0.091806 -0.35723
0.092368 -0.35777
0.09287 -0.35837
0.093759 -0.3595
0.09421 -0.36008
0.094583 -0.3607
0.095021 -0.36125
0.095578 -0.36177
0.09619 -0.36281
0.096722 -0.36327
0.096818 -0.36384
0.09734 -0.36431
0.097937 -0.36472
0.098495 -0.36574
0.098947 -0.36617
0.099329 -0.36668
0.099879 -0.36716
0.10015 -0.36764
0.10107 -0.36845
0.10153 -0.36888
0.10194 -0.36941
0.10242 -0.36981
0.10293 -0.37027
0.10372 -0.3712
0.10416 -0.37161
0.10456 -0.37206
0.10524 -0.37243
0.1056 -0.37291
0.10666 -0.37374
0.10696 -0.37416
0.10748 -0.37452
0.10804 -0.37485
0.10834 -0.3752
0.10924 -0.37577
0.10985 -0.37604
0.11014 -0.37632
0.11058 -0.37661
0.11081 -0.37694
0.11176 -0.3774
0.1123 -0.37764
0.11258 -0.37786
0.11303 -0.37806
0.11351 -0.37824
0.11429 -0.37867
0.11458 -0.37886
0.1151 -0.379
0.11554 -0.3792
0.11592 -0.37942
0.11686 -0.37969
0.11721 -0.37979
0.1178 -0.37992
0.11814 -0.3801
0.11862 -0.38025
0.11947 -0.38051
0.12 -0.38069
0.12041 -0.38085
0.12104 -0.38101
0.12141 -0.38113
0.12241 -0.38141
0.12295 -0.38154
0.12341 -0.38166
0.1238 -0.38178
0.12444 -0.38191
0.12535 -0.38211
0.12577 -0.38222
0.12612 -0.38229
0.12661 -0.38235
0.12701 -0.3824
0.12775 -0.38256
0.12812 -0.38265
0.12837 -0.38274
0.12873 -0.38285
0.12898 -0.38294
0.12947 -0.38306
0.12982 -0.38315
0.13005 -0.38321
0.1303 -0.38326
0.13056 -0.38332
0.13106 -0.38344
0.13127 -0.3835
0.13144 -0.38356
0.13161 -0.3837
0.13173 -0.3838
0.1323 -0.38394
0.13245 -0.38399
0.13262 -0.38401
0.13281 -0.38401
0.13305 -0.38398
0.13354 -0.38402
0.13367 -0.38407
0.13398 -0.38407
0.13414 -0.38407
0.13431 -0.38408
0.13481 -0.38401
0.13513 -0.38399
0.13527 -0.38398
0.13553 -0.38399
0.13572 -0.384
0.13616 -0.38403
0.13653 -0.38406
0.13675 -0.38407
0.13696 -0.38412
0.13728 -0.38412
0.13793 -0.38399
0.13826 -0.38394
0.13856 -0.38391
0.13872 -0.38389
0.13903 -0.38382
0.13949 -0.38377
0.13979 -0.38373
0.14012 -0.38374
0.14036 -0.38377
0.14056 -0.38376
0.14079 -0.38377
0.14093 -0.38375
0.14102 -0.38373
0.14129 -0.38373
0.14149 -0.38374
0.14179 -0.38382
0.142 -0.38382
0.14214 -0.38385
0.14228 -0.38388
