0.16621 -0.15081
0.16606 -0.1508
0.16599 -0.15084
0.16587 -0.15089
0.16557 -0.15104
0.16545 -0.1511
0.16519 -0.15121
0.16497 -0.15123
0.16472 -0.15132
0.16446 -0.1514
0.1643 -0.15146
0.16403 -0.15167
0.16371 -0.15175
0.16344 -0.15175
0.16316 -0.15178
0.16276 -0.1518
0.16192 -0.1519
0.16179 -0.15195
0.16167 -0.15197
0.16145 -0.15199
0.16125 -0.15203
0.16054 -0.15215
0.16022 -0.15222
0.16004 -0.15227
0.15994 -0.1523
0.15953 -0.15234
0.15908 -0.15244
0.15873 -0.15254
0.15847 -0.15263
0.15827 -0.15269
0.15809 -0.15283
0.15764 -0.15296
0.15731 -0.15307
0.15721 -0.1531
0.15693 -0.1532
0.15666 -0.15321
0.15632 -0.15333
0.15613 -0.15343
0.15576 -0.15354
0.15531 -0.15352
0.15521 -0.15353
0.15483 -0.15368
0.15444 -0.15377
0.15422 -0.15384
0.15391 -0.15398
0.15367 -0.15403
0.15328 -0.15415
0.15287 -0.1542
0.15226 -0.1543
0.15215 -0.15441
0.15196 -0.15448
0.15117 -0.15474
0.15074 -0.15481
0.15064 -0.15488
0.15039 -0.15491
0.14985 -0.15493
0.14927 -0.15501
0.14873 -0.15512
0.1485 -0.15525
0.14819 -0.15531
0.14783 -0.15542
0.14676 -0.15559
0.14653 -0.15574
0.1463 -0.15582
0.14589 -0.15593
0.14547 -0.15606
0.14458 -0.15633
0.14419 -0.15645
0.14386 -0.15658
0.14335 -0.15664
0.14292 -0.15684
0.14197 -0.15714
0.14148 -0.15733
0.14122 -0.15741
0.14078 -0.15755
0.14034 -0.15767
0.1391 -0.15796
0.13873 -0.15808
0.13836 -0.1582
0.13787 -0.15833
0.13727 -0.1585
0.13618 -0.15871
0.13584 -0.15875
0.13539 -0.15887
0.13489 -0.15898
0.13448 -0.15912
0.13357 -0.15922
0.13328 -0.15927
0.13278 -0.1594
0.13253 -0.15946
0.13211 -0.15955
0.13116 -0.15973
0.13091 -0.15978
0.13058 -0.15985
0.13017 -0.15998
0.12966 -0.16011
0.1288 -0.16021
0.12848 -0.16022
0.12802 -0.16032
0.1275 -0.16037
0.12724 -0.16045
0.12633 -0.16048
0.12572 -0.16063
0.12539 -0.16065
0.12504 -0.16076
0.12452 -0.16078
0.12365 -0.16096
0.12329 -0.16106
0.12311 -0.16121
0.12286 -0.16131
0.12236 -0.16148
0.12161 -0.16166
0.12139 -0.16168
0.12085 -0.16187
0.12054 -0.16195
0.1202 -0.16206
0.11972 -0.16217
0.11928 -0.16229
0.11869 -0.16227
0.11825 -0.16232
0.11785 -0.16248
0.1169 -0.16276
0.1165 -0.16285
0.11617 -0.163
0.11577 -0.16326
0.1155 -0.16342
0.11465 -0.16386
0.11448 -0.1641
0.11403 -0.16421
0.11339 -0.16445
0.11306 -0.16465
0.11232 -0.16505
0.11178 -0.16525
0.11138 -0.16536
0.11086 -0.16564
0.11042 -0.16582
0.10931 -0.16622
0.10884 -0.16636
0.10832 -0.16654
0.10788 -0.16675
0.10749 -0.16694
0.10649 -0.16737
0.1062 -0.16756
0.10566 -0.16773
0.10507 -0.16793
0.10472 -0.1681
0.10388 -0.16854
0.10357 -0.16876
0.10313 -0.16911
0.10274 -0.16922
0.1024 -0.16941
0.1016 -0.16991
0.10118 -0.17018
0.10063 -0.17045
0.10029 -0.17064
0.09975 -0.17091
0.09907 -0.17131
0.098783 -0.17155
0.098265 -0.17183
0.097789 -0.17206
0.097313 -0.17244
0.096318 -0.17296
0.095964 -0.17325
0.095622 -0.1735
0.095182 -0.17386
0.094732 -0.17414
0.093807 -0.17479
0.093433 -0.17505
0.092941 -0.17544
0.092496 -0.17578
0.091906 -0.17612
0.091099 -0.17676
0.090641 -0.17706
0.090145 -0.17743
0.089696 -0.1778
0.089095 -0.17816
0.088173 -0.17877
0.087747 -0.17904
0.087234 -0.17936
0.086737 -0.17974
0.086216 -0.18011
0.085214 -0.18076
0.084636 -0.18116
0.08427 -0.1815
0.083768 -0.18185
0.083303 -0.18224
0.082558 -0.18293
0.082017 -0.18338
0.081688 -0.18367
0.081139 -0.1841
0.080905 -0.18446
0.080032 -0.1851
0.079529 -0.18549
0.079247 -0.18582
0.078766 -0.18622
0.078635 -0.18662
0.077841 -0.18733
0.077467 -0.18769
0.077005 -0.1881
0.076684 -0.18838
0.076149 -0.18882
0.075323 -0.18959
0.075226 -0.18995
0.074674 -0.19038
0.074399 -0.19075
0.073853 -0.19124
0.073103 -0.19202
0.072831 -0.19245
0.07229 -0.19295
0.07198 -0.19338
0.071395 -0.19383
0.070288 -0.19472
0.069887 -0.19511
0.069511 -0.19561
0.069148 -0.19604
0.068601 -0.19648
0.067803 -0.19728
0.067336 -0.1977
0.066992 -0.19811
0.066608 -0.19845
0.066257 -0.19896
0.065542 -0.1999
0.065181 -0.20027
0.064716 -0.20072
0.064514 -0.20115
0.063957 -0.20161
0.063277 -0.20247
0.062918 -0.20289
0.062576 -0.20341
0.062376 -0.20389
0.061874 -0.20441
0.061107 -0.20528
0.060586 -0.20578
0.060517 -0.20618
0.060172 -0.20672
0.059881 -0.2071
0.059355 -0.2081
0.058902 -0.20855
0.058545 -0.20898
0.058163 -0.20947
0.057908 -0.20988
0.05734 -0.21087
0.056932 -0.21136
0.056601 -0.21181
0.056386 -0.2124
0.055894 -0.21292
0.055175 -0.21395
0.055031 -0.21447
0.0545 -0.21502
0.054085 -0.21564
0.05396 -0.21613
0.053115 -0.21728
0.052603 -0.21782
0.052354 -0.21851
0.052094 -0.21904
0.051625 -0.2196
0.051108 -0.22082
0.050625 -0.22149
0.050521 -0.22209
0.050051 -0.22275
0.049859 -0.2234
0.049239 -0.22466
0.049045 -0.22532
0.048858 -0.22596
0.048573 -0.22659
0.048462 -0.22721
0.047962 -0.22846
0.047924 -0.22901
0.047708 -0.22969
0.047496 -0.23028
0.047417 -0.23092
0.047058 -0.23217
0.046792 -0.23289
0.046598 -0.23357
0.046543 -0.23417
0.046336 -0.2349
0.046205 -0.23623
0.045814 -0.23689
0.045958 -0.23759
0.045772 -0.2383
0.045671 -0.23899
0.045539 -0.24045
0.04536 -0.24113
0.045485 -0.24184
0.045424 -0.24262
0.04534 -0.24331
0.045434 -0.24468
0.045558 -0.24536
0.045602 -0.24609
0.045488 -0.2468
0.045772 -0.24743
0.045962 -0.24872
0.045918 -0.24945
0.046101 -0.25
0.046156 -0.25069
0.046302 -0.25125
0.04648 -0.25255
0.046528 -0.25313
0.046679 -0.25377
0.046748 -0.25433
0.046862 -0.25497
0.047034 -0.25619
0.04735 -0.25682
0.047375 -0.25742
0.047667 -0.25799
0.047589 -0.25865
0.048016 -0.25982
0.04823 -0.26044
0.048396 -0.26101
0.048574 -0.2616
0.048741 -0.26226
0.049256 -0.26331
0.049435 -0.26391
0.049621 -0.26445
0.050057 -0.26493
0.050206 -0.26552
0.050926 -0.26657
0.05122 -0.26704
0.051553 -0.26757
0.051958 -0.26801
0.05233 -0.2686
0.05296 -0.26968
0.053276 -0.27022
0.053702 -0.27076
0.054093 -0.27125
0.054531 -0.27181
0.05528 -0.27285
0.055671 -0.27341
0.056239 -0.27391
0.056385 -0.27446
0.056805 -0.275
0.057717 -0.27596
0.058016 -0.27655
0.058472 -0.27702
0.058868 -0.27754
0.059365 -0.27807
0.060131 -0.27912
0.060626 -0.27958
0.061021 -0.28007
0.061359 -0.28061
0.061899 -0.28113
0.062601 -0.28215
0.063085 -0.28264
0.063588 -0.28313
0.064113 -0.28363
0.064637 -0.28423
0.065432 -0.28537
0.065875 -0.28592
0.06644 -0.28648
0.06699 -0.28701
0.067377 -0.28753
0.06845 -0.28862
0.068944 -0.2891
0.06952 -0.28958
0.069957 -0.29016
0.07057 -0.29063
0.071666 -0.2916
0.072221 -0.29212
0.072693 -0.29264
0.07307 -0.29321
0.073759 -0.29364
0.074688 -0.2946
0.075294 -0.29514
0.075874 -0.29563
0.076548 -0.29612
0.076903 -0.29661
0.078207 -0.29749
0.078628 -0.29785
0.079077 -0.29839
0.079731 -0.29878
0.080189 -0.29917
0.081449 -0.29994
0.081849 -0.30035
0.082387 -0.30074
0.08313 -0.30108
0.083481 -0.30149
0.084549 -0.30217
0.085128 -0.30248
0.085515 -0.3029
0.085964 -0.30323
0.086466 -0.30358
0.087235 -0.30436
0.087701 -0.30466
0.088189 -0.30497
0.088645 -0.3053
0.088999 -0.30559
0.089718 -0.30614
0.089944 -0.30649
0.090446 -0.30675
0.090854 -0.30696
0.091304 -0.30718
0.091975 -0.30768
0.092314 -0.30788
0.09266 -0.3081
0.093056 -0.30838
0.093502 -0.30858
0.094131 -0.30912
0.094559 -0.30942
0.094896 -0.30966
0.095352 -0.3099
0.09571 -0.31012
0.096575 -0.31064
0.096855 -0.31093
0.097292 -0.3112
0.097633 -0.31147
0.098167 -0.31168
0.098906 -0.31217
0.099219 -0.31247
0.099609 -0.31268
0.10018 -0.31293
0.10055 -0.31318
0.10141 -0.31369
0.10195 -0.31397
0.10233 -0.31419
0.10267 -0.31458
0.10299 -0.31485
0.10374 -0.31538
0.10426 -0.31566
0.10461 -0.3159
0.10516 -0.31616
0.10547 -0.31637
0.1064 -0.31692
0.1069 -0.31724
0.10718 -0.31753
0.10777 -0.31778
0.10809 -0.31801
0.1088 -0.31859
0.10923 -0.31883
0.10973 -0.31904
0.11006 -0.31931
0.11068 -0.31948
0.11149 -0.31982
0.11191 -0.32008
0.11222 -0.32031
0.11272 -0.32053
0.11313 -0.32075
0.114 -0.32115
0.11431 -0.32135
0.11486 -0.3216
0.11506 -0.32189
0.11557 -0.32211
0.11619 -0.32249
0.11666 -0.32273
0.11696 -0.32296
0.11742 -0.32315
0.11767 -0.32329
0.11833 -0.32362
0.1186 -0.32377
0.11878 -0.32399
0.11919 -0.32415
0.11946 -0.32431
0.12018 -0.32466
0.12042 -0.32478
0.12065 -0.3249
0.12094 -0.32502
0.12131 -0.32515
0.1218 -0.32536
0.12207 -0.32546
0.12227 -0.32554
0.12271 -0.32561
0.12285 -0.32567
0.12337 -0.3258
0.12367 -0.32592
0.12397 -0.32597
0.12426 -0.32607
0.12451 -0.32614
0.1252 -0.32638
0.12555 -0.32645
0.12582 -0.32656
0.12622 -0.32668
0.12656 -0.32679
0.12713 -0.32698
0.12748 -0.3271
0.12781 -0.32719
0.12822 -0.3273
0.12851 -0.32748
0.12917 -0.32763
0.12965 -0.32773
0.12992 -0.32787
0.13031 -0.32795
0.13071 -0.32806
0.13127 -0.32827
0.13173 -0.32842
0.13209 -0.3285
0.13249 -0.32855
0.13304 -0.3287
0.13363 -0.32889
0.134 -0.32901
0.13428 -0.3291
0.13453 -0.3292
0.13482 -0.3293
0.13555 -0.32942
0.13579 -0.32948
0.13611 -0.32954
0.13633 -0.3296
0.13667 -0.32965
0.13712 -0.32971
0.13739 -0.32975
0.13775 -0.32973
0.13807 -0.32978
0.13822 -0.32985
0.13872 -0.32994
0.139 -0.33001
0.13934 -0.33008
0.13953 -0.3301
0.13975 -0.33014
0.14006 -0.33023
0.14045 -0.33026
0.14078 -0.33024
0.14104 -0.33029
0.14127 -0.33033
0.14164 -0.33043
0.1421 -0.33043
0.14233 -0.33043
0.14254 -0.33044
0.14261 -0.33043
0.14295 -0.33041
0.14313 -0.33041
0.14324 -0.33044
0.14352 -0.33048
0.14372 -0.33051
0.14407 -0.33045
0.14417 -0.33049
0.14425 -0.33051
0.14432 -0.33053
0.14446 -0.33057
0.14458 -0.33062
0.14462 -0.33064
0.14466 -0.33067
0.14471 -0.33069
0.14473 -0.33072
0.14488 -0.33076
0.14487 -0.33075
0.14493 -0.33077
0.14512 -0.33081
0.14526 -0.33082
0.14539 -0.33086
0.1455 -0.33088
0.14562 -0.33094
0.14575 -0.33097
0.14594 -0.33102
0.14615 -0.33113
0.1464 -0.33118
0.14656 -0.3312
0.14671 -0.33121
0.14689 -0.33119
0.14716 -0.33121
0.14728 -0.33114
0.14736 -0.33115
