0.21828 -0.1901
0.21835 -0.18997
0.21817 -0.19003
0.21812 -0.18993
0.2179 -0.19003
0.21786 -0.19006
0.21792 -0.19007
0.21805 -0.19
0.2182 -0.19009
0.21823 -0.19022
0.21823 -0.19022
0.21828 -0.19011
0.21817 -0.19022
0.21812 -0.19028
0.21823 -0.19023
0.21802 -0.19032
0.21801 -0.19032
0.21808 -0.19037
0.21785 -0.19032
0.21781 -0.1903
0.21778 -0.19028
0.21788 -0.1902
0.21772 -0.19022
0.21772 -0.1901
0.21762 -0.19004
0.21759 -0.19
0.2172 -0.18969
0.21726 -0.18943
0.2172 -0.18943
0.21733 -0.18927
0.21733 -0.18923
0.21719 -0.18941
0.2174 -0.18914
0.21717 -0.18921
0.21694 -0.18916
0.21677 -0.18927
0.21684 -0.18918
0.21661 -0.18934
0.21649 -0.1893
0.21654 -0.1891
0.21635 -0.18931
0.21624 -0.18929
0.21597 -0.18911
0.21579 -0.18917
0.21565 -0.18915
0.21536 -0.18904
0.21513 -0.18899
0.21489 -0.18892
0.21469 -0.18905
0.21473 -0.18888
0.21449 -0.18902
0.21421 -0.18885
0.21418 -0.18874
0.21392 -0.18887
0.2139 -0.18877
0.21369 -0.18879
0.21314 -0.18851
0.21278 -0.18868
0.21273 -0.18867
0.21264 -0.18844
0.21234 -0.18862
0.21213 -0.18856
0.21146 -0.18848
0.21126 -0.18843
0.21109 -0.18837
0.21102 -0.18828
0.21041 -0.18825
0.20987 -0.18824
0.20966 -0.18817
0.2095 -0.188
0.20933 -0.18809
0.20856 -0.18805
0.20838 -0.18793
0.20815 -0.18796
0.20811 -0.1879
0.20783 -0.18793
0.20711 -0.18784
0.20695 -0.18783
0.20682 -0.1878
0.20664 -0.18778
0.20661 -0.18771
0.20623 -0.18767
0.20595 -0.18765
0.20585 -0.18764
0.20567 -0.18772
0.20569 -0.18765
0.20564 -0.1875
0.2051 -0.18768
0.20504 -0.18765
0.205 -0.18762
0.20509 -0.18756
0.20492 -0.1876
0.205 -0.18755
0.20498 -0.18755
0.20483 -0.18762
0.20481 -0.18762
0.20478 -0.18763
0.20472 -0.18763
0.20472 -0.18755
0.20468 -0.18756
0.20465 -0.18756
0.20441 -0.18765
0.20435 -0.18767
0.20437 -0.18769
0.20431 -0.18769
0.20423 -0.18767
0.20401 -0.18763
0.2038 -0.18761
0.2037 -0.18761
0.2036 -0.18761
0.20347 -0.18761
0.20311 -0.18767
0.20294 -0.18769
0.20287 -0.1876
0.20274 -0.18762
0.20223 -0.18765
0.20208 -0.18777
0.20169 -0.18777
0.20139 -0.18776
0.20114 -0.18785
0.20079 -0.18775
0.20062 -0.1877
0.20003 -0.18763
0.19973 -0.18781
0.1995 -0.18781
0.19914 -0.18777
0.19898 -0.18774
0.19835 -0.18783
0.19814 -0.18782
0.19778 -0.18783
0.19754 -0.18784
0.19704 -0.18796
0.19636 -0.18802
0.1959 -0.18801
0.19554 -0.18812
0.19545 -0.18807
0.19512 -0.18804
0.19437 -0.18822
0.19397 -0.18826
0.19368 -0.18829
0.19337 -0.18825
0.19242 -0.18822
0.19206 -0.1883
0.19174 -0.18832
0.19124 -0.18832
0.19095 -0.18821
0.19056 -0.18829
0.18989 -0.18841
0.18942 -0.18838
0.1891 -0.1884
0.18874 -0.18846
0.18803 -0.18852
0.1879 -0.18857
0.18751 -0.18853
0.18721 -0.18857
0.18694 -0.18858
0.18627 -0.18862
0.18618 -0.18865
0.18583 -0.1886
0.18549 -0.1887
0.18523 -0.18869
0.18478 -0.18874
0.18425 -0.18884
0.18395 -0.18882
0.18357 -0.18891
0.18345 -0.18885
0.18293 -0.189
0.18232 -0.18902
0.18196 -0.18901
0.18168 -0.18899
0.18124 -0.18907
0.18084 -0.1891
0.17999 -0.18905
0.1798 -0.1891
0.17946 -0.1891
0.17906 -0.18917
0.1785 -0.18922
0.17796 -0.18927
0.17767 -0.18929
0.17724 -0.18937
0.17707 -0.18938
0.17616 -0.18944
0.17579 -0.18951
0.17551 -0.18959
0.1751 -0.18973
0.17489 -0.18976
0.17461 -0.18976
0.17368 -0.18979
0.17329 -0.18992
0.17304 -0.18994
0.17276 -0.18995
0.17191 -0.18997
0.17173 -0.18999
0.17139 -0.19004
0.17095 -0.19011
0.17049 -0.19008
0.16981 -0.19008
0.16948 -0.19019
0.16914 -0.19017
0.16866 -0.19014
0.1683 -0.19018
0.1676 -0.19023
0.16712 -0.19024
0.1666 -0.19029
0.16623 -0.19031
0.1659 -0.19033
0.16539 -0.19031
0.16432 -0.19046
0.16371 -0.1906
0.1632 -0.19058
0.16281 -0.19063
0.16229 -0.19074
0.16123 -0.1909
0.16077 -0.19097
0.16039 -0.19101
0.15968 -0.19114
0.15935 -0.19122
0.15819 -0.19136
0.15762 -0.19142
0.15723 -0.19153
0.15668 -0.19155
0.15612 -0.19164
0.15517 -0.19181
0.15448 -0.19188
0.15383 -0.19199
0.15342 -0.19205
0.1527 -0.19211
0.15164 -0.1923
0.15106 -0.19245
0.15033 -0.19251
0.14983 -0.19256
0.14936 -0.19272
0.14807 -0.19294
0.14775 -0.19295
0.14724 -0.19306
0.14669 -0.19317
0.14583 -0.1933
0.14491 -0.1935
0.14433 -0.19359
0.14361 -0.19379
0.14302 -0.19393
0.14259 -0.19399
0.14143 -0.19429
0.14071 -0.19451
0.14018 -0.19464
0.13981 -0.19475
0.13923 -0.19496
0.13819 -0.19507
0.13734 -0.19532
0.13667 -0.19531
0.13626 -0.19543
0.13553 -0.19563
0.13439 -0.19579
0.13396 -0.19592
0.13345 -0.19601
0.13297 -0.1961
0.13184 -0.19642
0.13133 -0.19655
0.13079 -0.19667
0.13042 -0.19676
0.13002 -0.19691
0.12952 -0.19703
0.12867 -0.19712
0.12831 -0.19724
0.12781 -0.19738
0.12721 -0.19763
0.12635 -0.19785
0.12593 -0.19796
0.12563 -0.19797
0.12529 -0.19806
0.12464 -0.19825
0.12437 -0.19835
0.12333 -0.19856
0.12302 -0.19864
0.12265 -0.19878
0.12235 -0.19886
0.12154 -0.1991
0.12115 -0.19923
0.12069 -0.19936
0.12036 -0.19941
0.12008 -0.1995
0.11951 -0.19972
0.1189 -0.19997
0.11843 -0.20007
0.11814 -0.20016
0.11756 -0.20027
0.11737 -0.2004
0.11657 -0.2007
0.11613 -0.20083
0.11571 -0.20101
0.11546 -0.20117
0.11494 -0.2013
0.11429 -0.20149
0.11379 -0.2016
0.11343 -0.20179
0.11304 -0.20192
0.11272 -0.20212
0.11198 -0.2025
0.11166 -0.20263
0.11137 -0.20276
0.11089 -0.20301
0.11067 -0.20317
0.10986 -0.20352
0.10962 -0.20366
0.10937 -0.20383
0.10901 -0.20398
0.10881 -0.20412
0.10829 -0.20449
0.10781 -0.2047
0.10755 -0.20487
0.10724 -0.20506
0.10691 -0.20525
0.10628 -0.2055
0.1058 -0.20582
0.10533 -0.20605
0.10501 -0.20623
0.10451 -0.20649
0.10381 -0.20694
0.1034 -0.20717
0.103 -0.20736
0.10274 -0.20755
0.1024 -0.20782
0.10186 -0.20833
0.10155 -0.20855
0.10127 -0.20879
0.10099 -0.20904
0.10077 -0.20922
0.099917 -0.20971
0.099698 -0.20988
0.099319 -0.2102
0.099112 -0.2104
0.098908 -0.21058
0.098304 -0.21106
0.098203 -0.21128
0.097922 -0.21144
0.0977 -0.21163
0.097274 -0.21192
0.096992 -0.21232
0.096801 -0.21253
0.096576 -0.21276
0.096296 -0.21299
0.095819 -0.21345
0.09555 -0.21372
0.095322 -0.21396
0.095138 -0.21417
0.094793 -0.21445
0.09454 -0.21495
0.094393 -0.21515
0.094103 -0.21543
0.093922 -0.21563
0.09378 -0.21589
0.093478 -0.21616
0.093395 -0.21662
0.093236 -0.21698
0.093006 -0.2172
0.092816 -0.21746
0.09262 -0.21806
0.092488 -0.21841
0.092384 -0.21869
0.092238 -0.21904
0.092019 -0.21939
0.09186 -0.2201
0.091614 -0.22044
0.091555 -0.22076
0.091442 -0.22118
0.091261 -0.22156
0.090878 -0.2224
0.090893 -0.22274
0.09073 -0.2231
0.090603 -0.22344
0.090401 -0.22382
0.090236 -0.22429
0.089881 -0.22505
0.089835 -0.22544
0.089802 -0.22583
0.089539 -0.22626
0.089332 -0.22713
0.089336 -0.22752
0.089193 -0.22793
0.089007 -0.22836
0.08901 -0.22882
0.088811 -0.22932
0.088573 -0.23024
0.088541 -0.23062
0.088477 -0.23102
0.088433 -0.23151
0.088315 -0.23187
0.088192 -0.23272
0.088157 -0.23308
0.087981 -0.23355
0.088128 -0.23394
0.088099 -0.23431
0.088002 -0.23517
0.087921 -0.23565
0.087851 -0.23607
0.087792 -0.23655
0.087571 -0.23744
0.087843 -0.23785
0.087757 -0.23831
0.087539 -0.23881
0.087708 -0.23923
0.087624 -0.23972
0.087569 -0.24071
0.087439 -0.24119
0.087517 -0.2417
0.087437 -0.24223
0.087505 -0.2427
0.087224 -0.24371
0.087246 -0.24435
0.087249 -0.2448
0.08727 -0.24538
0.087066 -0.24595
0.087092 -0.24709
0.086911 -0.24766
0.087071 -0.24818
0.086933 -0.24882
0.086959 -0.24943
0.08695 -0.25054
0.087055 -0.25103
0.086999 -0.25159
0.087001 -0.25213
0.086789 -0.25273
0.086739 -0.25385
0.086824 -0.25432
0.086763 -0.25484
0.086792 -0.25534
0.08679 -0.25588
0.086873 -0.2568
0.086884 -0.25729
0.08668 -0.25787
0.086813 -0.25834
0.086564 -0.25928
0.086756 -0.25974
0.086518 -0.26024
0.086522 -0.26062
0.086487 -0.26112
0.086439 -0.26157
0.086648 -0.26237
0.086614 -0.26276
0.086314 -0.26325
0.086499 -0.26365
0.086341 -0.2641
0.086477 -0.26497
0.08635 -0.26543
0.086326 -0.26587
0.086318 -0.26642
0.086408 -0.2669
0.086408 -0.26797
0.086421 -0.26861
0.086489 -0.26917
0.086474 -0.26989
0.08642 -0.27052
0.086398 -0.27182
0.086433 -0.27256
0.086256 -0.27321
0.086425 -0.27384
0.08628 -0.2747
0.086237 -0.2761
0.086259 -0.27683
0.086331 -0.27755
0.086162 -0.2783
0.086288 -0.27902
0.086062 -0.28057
0.086157 -0.28134
0.086077 -0.28209
0.086221 -0.28284
0.086162 -0.28357
0.086312 -0.28506
0.086248 -0.28576
0.086372 -0.2865
0.086167 -0.28725
0.086282 -0.2879
0.086384 -0.28931
0.086307 -0.28995
0.086259 -0.29066
0.086378 -0.29141
0.086331 -0.29206
0.086269 -0.29348
0.086402 -0.29408
0.086251 -0.29481
0.086196 -0.29542
0.086043 -0.29679
0.086171 -0.29728
0.086017 -0.29796
0.086127 -0.29848
0.085905 -0.29912
0.086038 -0.29967
0.085952 -0.30083
0.085918 -0.30136
0.085972 -0.30191
0.086001 -0.30239
0.085804 -0.30298
0.085852 -0.30408
0.08605 -0.30456
0.085943 -0.30513
0.085871 -0.30561
0.086139 -0.30613
0.086287 -0.30709
0.086055 -0.30765
0.08609 -0.30807
0.0862 -0.30857
0.08618 -0.30906
0.086045 -0.31005
0.08602 -0.31051
0.085781 -0.31098
0.085859 -0.31147
0.085889 -0.31185
0.085902 -0.31274
0.085914 -0.31309
0.085696 -0.31361
0.085879 -0.31398
0.085874 -0.31435
0.085686 -0.31523
0.085546 -0.31568
0.085441 -0.31604
0.085535 -0.31638
0.085539 -0.31682
0.085593 -0.31748
0.085512 -0.31798
0.085561 -0.3183
0.085545 -0.3187
0.085337 -0.31918
0.085462 -0.31998
0.085307 -0.32044
0.085505 -0.32086
0.085417 -0.32135
0.08547 -0.32179
0.085374 -0.32276
0.085374 -0.32335
0.085198 -0.32384
0.085248 -0.32442
0.085255 -0.32499
0.085299 -0.32614
0.085338 -0.3267
0.08549 -0.32726
0.085562 -0.32791
0.085374 -0.32852
0.085452 -0.3297
0.085591 -0.3303
0.085503 -0.3309
0.085635 -0.33149
0.085479 -0.33276
0.085462 -0.33338
0.08559 -0.33398
0.085613 -0.33451
0.085472 -0.33512
0.085636 -0.33564
0.08557 -0.33675
0.085454 -0.33736
0.085412 -0.33784
0.085541 -0.33836
0.085493 -0.33883
0.08557 -0.33974
0.085618 -0.34014
0.085533 -0.34059
0.085561 -0.34096
0.085544 -0.34126
0.085554 -0.34192
0.085494 -0.34224
0.085245 -0.34258
0.085266 -0.34292
0.085169 -0.34355
0.085003 -0.34382
0.084948 -0.34406
0.084809 -0.34445
0.084719 -0.34472
0.08475 -0.34531
0.084826 -0.34561
0.084779 -0.34587
0.084684 -0.34611
0.084693 -0.34631
0.084782 -0.34658
0.084784 -0.34705
0.084713 -0.34723
0.084546 -0.34752
0.084614 -0.34773
0.084689 -0.34794
0.084814 -0.34834
0.084611 -0.34865
0.084611 -0.34883
0.084675 -0.34905
0.084688 -0.34924
0.084588 -0.34974
0.084584 -0.34996
0.084704 -0.35021
0.084703 -0.35043
0.084577 -0.35074
0.08449 -0.35135
0.084456 -0.35165
0.084262 -0.35199
0.084166 -0.35224
0.084311 -0.35259
0.084155 -0.35328
0.084163 -0.35359
0.08416 -0.35394
0.084294 -0.35422
0.0842 -0.35453
0.084267 -0.35521
0.084302 -0.35554
0.084208 -0.35593
0.08422 -0.35621
0.084189 -0.35656
0.084119 -0.35734
0.084232 -0.35766
0.084303 -0.35811
0.084329 -0.35841
0.084404 -0.35871
0.084397 -0.35944
0.084442 -0.35972
0.08416 -0.36012
0.084151 -0.36043
0.084371 -0.36099
0.08413 -0.36138
0.084149 -0.36157
0.084154 -0.36171
0.084138 -0.36182
0.084101 -0.36192
0.084056 -0.36214
0.084043 -0.36225
0.083983 -0.36239
0.083988 -0.36247
0.084005 -0.36255
0.084048 -0.36271
0.084076 -0.36281
0.084049 -0.36293
0.084073 -0.36305
0.08415 -0.36353
0.084212 -0.36372
0.084281 -0.36388
0.084338 -0.36407
0.08437 -0.36434
0.084446 -0.36466
0.084583 -0.36517
0.084619 -0.36553
0.084629 -0.3659
0.084718 -0.36617
0.084922 -0.36688
0.084867 -0.36722
0.084996 -0.36752
0.084893 -0.36788
0.084904 -0.36824
0.084814 -0.36896
0.084803 -0.36931
0.084699 -0.36956
0.084642 -0.36985
0.084528 -0.37013
0.084456 -0.37053
0.084452 -0.37065
0.08445 -0.37082
