0.22474 -0.19668
0.22472 -0.19669
0.22484 -0.19675
0.22505 -0.1967
0.22525 -0.19689
0.22529 -0.19691
0.22531 -0.19693
0.22531 -0.19696
0.22519 -0.19709
0.22514 -0.19716
0.22521 -0.19706
0.2251 -0.19715
0.22518 -0.19703
0.22506 -0.19712
0.22517 -0.19701
0.22515 -0.19701
0.22513 -0.197
0.2251 -0.197
0.22507 -0.197
0.22469 -0.19696
0.22468 -0.19695
0.22468 -0.19696
0.22458 -0.19693
0.22467 -0.19698
0.22469 -0.19675
0.22468 -0.19671
0.22466 -0.19668
0.22464 -0.19667
0.22463 -0.19663
0.2244 -0.19664
0.22441 -0.19666
0.22436 -0.19664
0.22421 -0.19658
0.22418 -0.19656
0.22396 -0.19656
0.22402 -0.19649
0.2239 -0.19664
0.22395 -0.19662
0.22386 -0.19663
0.22383 -0.19668
0.22384 -0.19672
0.22385 -0.19676
0.22387 -0.19682
0.22407 -0.19697
0.22401 -0.19713
0.224 -0.19714
0.22399 -0.19714
0.22396 -0.19712
0.22383 -0.19734
0.22389 -0.19715
0.22386 -0.19716
0.22368 -0.19737
0.22331 -0.19722
0.22337 -0.19714
0.22305 -0.19718
0.223 -0.19716
0.22304 -0.19704
0.22287 -0.19706
0.22273 -0.19727
0.22267 -0.19726
0.22265 -0.19721
0.22272 -0.19698
0.22261 -0.19689
0.22249 -0.19685
0.22207 -0.19682
0.22187 -0.19681
0.22185 -0.19683
0.22176 -0.19681
0.22134 -0.19675
0.22084 -0.19651
0.2206 -0.19648
0.22019 -0.19662
0.21978 -0.19637
0.21943 -0.19639
0.21884 -0.1964
0.21857 -0.19647
0.2181 -0.19634
0.21765 -0.19651
0.21733 -0.19655
0.21691 -0.19655
0.21691 -0.19651
0.21669 -0.19623
0.21663 -0.19644
0.21639 -0.19623
0.21621 -0.19631
0.21614 -0.19629
0.21607 -0.19627
0.21571 -0.19609
0.21564 -0.19606
0.2155 -0.19601
0.21535 -0.19596
0.21527 -0.196
0.21528 -0.19576
0.21484 -0.19589
0.21454 -0.19576
0.21446 -0.19576
0.21445 -0.19581
0.21406 -0.19577
0.21392 -0.19578
0.21352 -0.19585
0.21341 -0.19585
0.21311 -0.19579
0.21304 -0.19578
0.21298 -0.19578
0.21283 -0.19574
0.21254 -0.19591
0.21269 -0.19562
0.21246 -0.19562
0.21238 -0.19557
0.21183 -0.19532
0.21158 -0.1953
0.21122 -0.19549
0.21139 -0.19515
0.21074 -0.19515
0.21028 -0.19521
0.20975 -0.19513
0.20954 -0.19508
0.20922 -0.19503
0.20866 -0.19507
0.20788 -0.19495
0.20765 -0.19489
0.20747 -0.1948
0.20707 -0.19449
0.20638 -0.19465
0.20607 -0.19467
0.2057 -0.1945
0.20544 -0.19446
0.20526 -0.19443
0.20485 -0.19449
0.2041 -0.19438
0.20397 -0.19433
0.20376 -0.19432
0.2035 -0.19434
0.20326 -0.19438
0.20274 -0.19427
0.2025 -0.19427
0.20236 -0.19427
0.20228 -0.19424
0.20208 -0.19422
0.20182 -0.1942
0.20158 -0.19422
0.2012 -0.19419
0.20108 -0.19418
0.20097 -0.19412
0.20045 -0.19412
0.20013 -0.194
0.2 -0.19392
0.19978 -0.19395
0.19956 -0.19389
0.19879 -0.19381
0.19863 -0.19373
0.19828 -0.19369
0.19785 -0.19371
0.19742 -0.19369
0.1965 -0.19361
0.19619 -0.19362
0.19594 -0.19363
0.19563 -0.19361
0.19492 -0.1937
0.19423 -0.19375
0.19394 -0.19377
0.19354 -0.19373
0.19296 -0.19379
0.19253 -0.19388
0.19177 -0.19374
0.19137 -0.19369
0.19091 -0.19366
0.19027 -0.1937
0.19002 -0.19368
0.18942 -0.19358
0.189 -0.19358
0.18852 -0.19351
0.18818 -0.19342
0.18785 -0.19337
0.18698 -0.19339
0.18663 -0.19339
0.18639 -0.19334
0.18584 -0.19325
0.18565 -0.19327
0.18465 -0.19338
0.18409 -0.19327
0.18371 -0.19328
0.18333 -0.19327
0.1828 -0.1932
0.18185 -0.19323
0.18115 -0.1932
0.18092 -0.19322
0.18059 -0.19318
0.18011 -0.19322
0.17899 -0.19325
0.17861 -0.19323
0.17822 -0.19317
0.17772 -0.19319
0.1772 -0.19325
0.17622 -0.19332
0.17594 -0.19331
0.17544 -0.19324
0.17495 -0.19329
0.17461 -0.19328
0.17374 -0.1932
0.17339 -0.19321
0.17272 -0.19319
0.17234 -0.19317
0.17203 -0.19316
0.17104 -0.19315
0.1703 -0.19331
0.16992 -0.19328
0.16947 -0.19323
0.16907 -0.19326
0.16802 -0.1934
0.16762 -0.1933
0.1672 -0.19339
0.16662 -0.1935
0.1661 -0.19356
0.16524 -0.19351
0.1648 -0.19356
0.1641 -0.19361
0.16369 -0.19362
0.1634 -0.19365
0.1625 -0.19374
0.16195 -0.19384
0.16142 -0.19388
0.16138 -0.1939
0.16107 -0.1939
0.16019 -0.19396
0.15985 -0.19401
0.15965 -0.19401
0.1592 -0.194
0.15897 -0.19402
0.15834 -0.19409
0.1579 -0.19415
0.1574 -0.19413
0.15694 -0.19422
0.15673 -0.19418
0.15601 -0.1941
0.15569 -0.1941
0.15519 -0.19415
0.15466 -0.19414
0.15439 -0.1941
0.15366 -0.19418
0.15308 -0.19418
0.15261 -0.19417
0.15229 -0.19429
0.15189 -0.19432
0.15087 -0.19439
0.15036 -0.19454
0.15019 -0.19454
0.14953 -0.19462
0.14886 -0.19482
0.14797 -0.19496
0.14761 -0.19503
0.14714 -0.19509
0.14648 -0.19523
0.14624 -0.19528
0.14542 -0.19543
0.14479 -0.19546
0.14436 -0.19558
0.14389 -0.19571
0.14353 -0.19561
0.14267 -0.19576
0.14259 -0.19577
0.14216 -0.19591
0.14167 -0.19592
0.14131 -0.19592
0.14065 -0.19606
0.14024 -0.19606
0.13978 -0.19611
0.13913 -0.19625
0.13872 -0.19633
0.13788 -0.19646
0.13783 -0.19639
0.13714 -0.19656
0.13687 -0.19663
0.13662 -0.19674
0.13588 -0.19678
0.1355 -0.19683
0.1351 -0.19698
0.13474 -0.19714
0.13443 -0.19725
0.13353 -0.19748
0.13317 -0.19761
0.13293 -0.19773
0.13258 -0.19788
0.13226 -0.19803
0.13125 -0.19836
0.13086 -0.19857
0.13028 -0.19866
0.13006 -0.1987
0.12949 -0.19879
0.12887 -0.19897
0.12803 -0.19912
0.12762 -0.19921
0.12744 -0.19926
0.12698 -0.19941
0.12633 -0.19958
0.12583 -0.19956
0.12556 -0.19961
0.12534 -0.19965
0.12507 -0.19975
0.12476 -0.19988
0.12459 -0.19987
0.12451 -0.19993
0.12441 -0.19997
0.12428 -0.2
0.12387 -0.2
0.12359 -0.20016
0.12343 -0.20017
0.12323 -0.20017
0.12328 -0.20011
0.1227 -0.20034
0.12258 -0.20041
0.12205 -0.20052
0.12164 -0.20062
0.12129 -0.20071
0.12088 -0.2009
0.12043 -0.20115
0.12023 -0.20124
0.11986 -0.20147
0.11952 -0.20165
0.11895 -0.20206
0.11861 -0.20224
0.11834 -0.20239
0.11779 -0.20269
0.11765 -0.20283
0.11708 -0.20321
0.11691 -0.20339
0.11674 -0.20353
0.11653 -0.20369
0.11647 -0.20383
0.11586 -0.20409
0.11584 -0.20414
0.11557 -0.20432
0.11538 -0.20448
0.11529 -0.20457
0.1151 -0.2048
0.11498 -0.20492
0.11499 -0.20503
0.11494 -0.20511
0.11467 -0.20527
0.11452 -0.20553
0.11447 -0.20568
0.1143 -0.20581
0.11417 -0.20594
0.11402 -0.20606
0.11378 -0.20635
0.1135 -0.20658
0.11337 -0.20675
0.11313 -0.20697
0.11315 -0.20714
0.11292 -0.20755
0.11267 -0.20777
0.11242 -0.20801
0.11228 -0.20822
0.11202 -0.20848
0.1118 -0.20893
0.11162 -0.20915
0.11153 -0.20936
0.11124 -0.20963
0.1111 -0.20987
0.1108 -0.21025
0.11077 -0.21046
0.1106 -0.21064
0.11043 -0.21088
0.11014 -0.21111
0.10996 -0.21152
0.10982 -0.21171
0.10962 -0.21192
0.10965 -0.21213
0.1094 -0.21232
0.1092 -0.21263
0.10902 -0.21282
0.10911 -0.21301
0.10906 -0.21317
0.109 -0.21331
0.10883 -0.21368
0.10875 -0.21395
0.10879 -0.21416
0.10863 -0.2144
0.10859 -0.21451
0.10827 -0.21493
0.10827 -0.21517
0.10815 -0.21543
0.10826 -0.21578
0.10812 -0.21604
0.10767 -0.21672
0.10766 -0.21702
0.10742 -0.21737
0.10737 -0.21765
0.1072 -0.21794
0.10713 -0.21864
0.10699 -0.21896
0.10687 -0.21932
0.10692 -0.21972
0.10679 -0.22008
0.10661 -0.2209
0.10659 -0.22129
0.10639 -0.22169
0.10612 -0.22216
0.10606 -0.22267
0.10598 -0.22365
0.10595 -0.22412
0.10589 -0.22454
0.10583 -0.22513
0.10569 -0.22562
0.10561 -0.22658
0.10545 -0.22707
0.10517 -0.22761
0.10517 -0.22815
0.10504 -0.22865
0.10493 -0.22971
0.10485 -0.23018
0.10486 -0.23078
0.10473 -0.23126
0.10462 -0.23176
0.10444 -0.23297
0.10456 -0.23353
0.10432 -0.23414
0.10437 -0.23475
0.10416 -0.23535
0.10403 -0.2366
0.10429 -0.23721
0.104 -0.23781
0.10407 -0.23845
0.10404 -0.23909
0.10394 -0.24038
0.10382 -0.24105
0.1039 -0.24167
0.10391 -0.24235
0.10382 -0.24292
0.1037 -0.24429
0.10361 -0.24505
0.10355 -0.24568
0.10354 -0.24637
0.10351 -0.24696
0.10335 -0.24834
0.10346 -0.24894
0.10314 -0.24963
0.1032 -0.25035
0.10313 -0.2509
0.10314 -0.25217
0.10312 -0.25287
0.10294 -0.25349
0.10302 -0.25409
0.10298 -0.25475
0.1029 -0.25594
0.103 -0.25655
0.10304 -0.25714
0.10299 -0.25781
0.10294 -0.25834
0.10286 -0.25968
0.10288 -0.26031
0.10272 -0.26097
0.10292 -0.26156
0.10279 -0.26226
0.10264 -0.26355
0.10282 -0.26425
0.1027 -0.26482
0.10276 -0.26548
0.10272 -0.26611
0.10262 -0.26753
0.10258 -0.26822
0.10272 -0.26883
0.10271 -0.26954
0.10263 -0.27011
0.10258 -0.27137
0.1025 -0.27205
0.10251 -0.2726
0.1026 -0.2733
0.10241 -0.27396
0.10234 -0.27521
0.10249 -0.27581
0.10234 -0.27648
0.10225 -0.2771
0.1023 -0.27773
0.10214 -0.27908
0.10215 -0.27979
0.10217 -0.28048
0.10226 -0.28118
0.10221 -0.28186
0.10225 -0.28344
0.10229 -0.28409
0.10225 -0.2849
0.10218 -0.2857
0.10233 -0.28641
0.10231 -0.28796
0.10235 -0.28877
0.10241 -0.28957
0.10238 -0.29038
0.10243 -0.29118
0.10246 -0.29279
0.10253 -0.2936
0.10232 -0.29441
0.10245 -0.29528
0.10249 -0.29609
0.10244 -0.2977
0.10261 -0.29841
0.10243 -0.2992
0.10261 -0.29998
0.10239 -0.30072
0.10254 -0.30207
0.1026 -0.30274
0.10261 -0.30344
0.1024 -0.3041
0.10252 -0.30471
0.10262 -0.30598
0.10252 -0.30653
0.10246 -0.30706
0.10256 -0.30761
0.1025 -0.30812
0.10271 -0.309
0.10246 -0.3095
0.10266 -0.3099
0.10257 -0.31042
0.10261 -0.31087
0.10253 -0.3118
0.1027 -0.31223
0.10258 -0.31276
0.10274 -0.31318
0.10264 -0.31377
0.10273 -0.31481
0.10257 -0.3154
0.10265 -0.31607
0.10278 -0.31662
0.10271 -0.31731
0.10279 -0.31869
0.10283 -0.31946
0.10274 -0.3202
0.10278 -0.32095
0.10278 -0.32166
0.1026 -0.32323
0.10256 -0.32402
0.10265 -0.32478
0.10257 -0.32553
0.10279 -0.32622
0.10261 -0.32776
0.10276 -0.32841
0.10272 -0.32923
0.10274 -0.32993
0.10273 -0.33058
0.10275 -0.33199
0.10284 -0.33268
0.10272 -0.3334
0.10292 -0.33402
0.10289 -0.3347
0.10296 -0.33588
0.10303 -0.33645
0.10306 -0.33701
0.10312 -0.3375
0.1031 -0.33801
0.10301 -0.33889
0.10304 -0.33929
0.10306 -0.33964
0.10328 -0.33999
0.10325 -0.34034
0.10328 -0.341
0.10319 -0.34134
0.10309 -0.34165
0.10304 -0.34191
0.10295 -0.3422
0.10303 -0.34281
0.10302 -0.34303
0.103 -0.34327
0.10289 -0.34353
0.10307 -0.34379
0.10292 -0.34423
0.10294 -0.34444
0.10271 -0.34475
0.10287 -0.345
0.10288 -0.34526
0.10264 -0.34588
0.1028 -0.34612
0.10305 -0.34641
0.10298 -0.34671
0.10292 -0.34699
0.10317 -0.34757
0.10318 -0.34783
0.10299 -0.34818
0.10324 -0.3485
0.10325 -0.34878
0.10323 -0.34942
0.10347 -0.34972
0.10343 -0.35
0.1033 -0.35036
0.10335 -0.35068
0.10343 -0.35126
0.1033 -0.35163
0.10336 -0.3519
0.10345 -0.35219
0.10345 -0.35245
0.1035 -0.353
0.10354 -0.35326
0.10359 -0.35354
0.10352 -0.35385
0.10348 -0.35412
0.10345 -0.35461
0.10354 -0.35492
0.10354 -0.35517
0.10358 -0.35539
0.10345 -0.35563
0.10355 -0.35622
0.10353 -0.35645
0.1035 -0.35667
0.1035 -0.35686
0.1034 -0.3571
0.10356 -0.35754
0.10349 -0.35777
0.10351 -0.35796
0.10339 -0.35824
0.10339 -0.35849
0.10354 -0.359
0.10346 -0.35931
0.10354 -0.35959
0.10356 -0.35989
0.10351 -0.36015
0.1036 -0.3607
0.10357 -0.36092
0.10366 -0.36114
0.10365 -0.36135
0.10359 -0.36164
0.10363 -0.36207
0.10361 -0.36227
0.10373 -0.36249
0.10365 -0.36276
0.10368 -0.36301
0.1036 -0.36343
0.10361 -0.36366
0.10368 -0.36395
0.10368 -0.36417
0.10367 -0.36437
0.10371 -0.36484
0.10361 -0.36512
0.10377 -0.36532
0.10375 -0.3655
0.10374 -0.3657
0.10365 -0.36616
0.1037 -0.36637
0.10382 -0.36656
0.10384 -0.36677
0.10376 -0.36696
0.10358 -0.36745
0.1038 -0.36764
0.10389 -0.36786
0.10387 -0.36803
0.10382 -0.36822
0.10383 -0.36859
0.10381 -0.36873
0.10381 -0.36883
0.10379 -0.36894
0.10376 -0.36903
0.10374 -0.36916
0.10385 -0.36921
0.10385 -0.36925
0.10383 -0.36932
0.10383 -0.36939
0.10371 -0.36953
0.10371 -0.36956
0.1037 -0.3696
0.1037 -0.36963
0.10373 -0.36968
0.10383 -0.36979
0.10382 -0.36987
0.10383 -0.36996
0.10381 -0.37006
0.10381 -0.37015
0.10399 -0.37035
0.10395 -0.37049
0.10386 -0.37065
0.1039 -0.37075
0.10398 -0.37087
0.10394 -0.37111
0.10393 -0.3712
0.10391 -0.37129
0.10391 -0.37137
0.10391 -0.37144
0.10387 -0.37159
0.10383 -0.37174
0.10377 -0.37182
0.10374 -0.3719
0.10376 -0.37199
0.10383 -0.37223
0.10383 -0.37234
0.10384 -0.37245
0.10383 -0.3726
0.10372 -0.37278
0.10393 -0.37301
0.10393 -0.37315
0.10393 -0.37326
0.10401 -0.37337
0.10401 -0.37345
