0.1585 -0.143
0.15837 -0.14302
0.15819 -0.14313
0.15781 -0.14316
0.15735 -0.14307
0.15708 -0.14306
0.15678 -0.14306
0.15659 -0.1431
0.15638 -0.1432
0.15535 -0.14331
0.15515 -0.14335
0.15482 -0.14339
0.15447 -0.14344
0.15428 -0.1435
0.15309 -0.14366
0.15262 -0.14375
0.15246 -0.14383
0.15193 -0.14391
0.15136 -0.14392
0.15051 -0.144
0.15009 -0.14405
0.14948 -0.14411
0.14889 -0.14414
0.14859 -0.14422
0.14764 -0.14438
0.14701 -0.14442
0.14675 -0.14448
0.14644 -0.14452
0.14578 -0.14474
0.14513 -0.14496
0.14454 -0.145
0.14391 -0.14515
0.14353 -0.14525
0.14299 -0.14528
0.14196 -0.14551
0.14133 -0.14566
0.14094 -0.14582
0.14054 -0.14591
0.13993 -0.14608
0.1391 -0.14617
0.13843 -0.14643
0.13796 -0.14655
0.1375 -0.1466
0.13692 -0.14688
0.13613 -0.14697
0.13553 -0.14723
0.13508 -0.14733
0.13473 -0.14738
0.13437 -0.14749
0.13349 -0.1477
0.13316 -0.14777
0.13266 -0.14797
0.13229 -0.14807
0.13178 -0.14812
0.13131 -0.14831
0.13102 -0.14841
0.13052 -0.14847
0.13025 -0.14851
0.13001 -0.1486
0.1293 -0.14884
0.12887 -0.14893
0.12865 -0.14899
0.12838 -0.14901
0.12826 -0.14908
0.12767 -0.14913
0.12725 -0.14928
0.1269 -0.1494
0.12641 -0.14952
0.12623 -0.14962
0.12565 -0.14984
0.12513 -0.14996
0.12472 -0.15018
0.12424 -0.15023
0.12357 -0.15046
0.12287 -0.15064
0.12237 -0.1508
0.12191 -0.151
0.12165 -0.15106
0.12101 -0.15133
0.12015 -0.15158
0.11967 -0.15167
0.11923 -0.15186
0.11904 -0.15202
0.11861 -0.15224
0.11785 -0.15254
0.1174 -0.15272
0.11721 -0.15285
0.11689 -0.15305
0.11632 -0.15325
0.11572 -0.15357
0.11522 -0.15366
0.11482 -0.1538
0.11458 -0.15394
0.11405 -0.1542
0.11326 -0.15448
0.11286 -0.15474
0.11249 -0.15492
0.11183 -0.15522
0.11157 -0.15538
0.11073 -0.1558
0.11032 -0.15591
0.10993 -0.15619
0.10949 -0.15647
0.10915 -0.15669
0.10847 -0.15702
0.10805 -0.1573
0.10743 -0.15754
0.10715 -0.15775
0.10676 -0.15796
0.10573 -0.15842
0.10542 -0.15862
0.10495 -0.1588
0.10473 -0.159
0.10426 -0.15926
0.10362 -0.15974
0.10313 -0.15994
0.10279 -0.16009
0.10233 -0.16031
0.10204 -0.16056
0.10131 -0.16094
0.10091 -0.16113
0.10051 -0.16141
0.10008 -0.16163
0.099654 -0.1618
0.09901 -0.16223
0.098521 -0.16246
0.098141 -0.1627
0.097857 -0.16285
0.097521 -0.16307
0.096616 -0.16346
0.096033 -0.16366
0.095844 -0.16384
0.095271 -0.16404
0.09483 -0.16421
0.094283 -0.16463
0.093844 -0.16483
0.093605 -0.165
0.093138 -0.16526
0.092841 -0.16552
0.092039 -0.16589
0.091751 -0.16606
0.091384 -0.16623
0.09126 -0.16641
0.090765 -0.1666
0.090151 -0.16696
0.089984 -0.16717
0.089543 -0.16734
0.089188 -0.16756
0.088975 -0.16769
0.088122 -0.16817
0.087917 -0.16828
0.087703 -0.16844
0.087183 -0.16872
0.086961 -0.16889
0.086262 -0.16934
0.08599 -0.16951
0.085748 -0.16968
0.08529 -0.16992
0.084823 -0.17015
0.084389 -0.17051
0.084013 -0.17073
0.083584 -0.17099
0.083348 -0.1712
0.082766 -0.1715
0.082302 -0.17188
0.081837 -0.1721
0.081596 -0.17236
0.08139 -0.17255
0.080565 -0.17302
0.080324 -0.17319
0.079919 -0.17343
0.079526 -0.17369
0.079318 -0.17389
0.078604 -0.17433
0.078453 -0.17452
0.078343 -0.17469
0.077733 -0.17496
0.077541 -0.17512
0.077234 -0.17532
0.076507 -0.17584
0.076298 -0.17603
0.076115 -0.17621
0.075602 -0.1765
0.075385 -0.17675
0.074746 -0.1772
0.074518 -0.17739
0.074343 -0.17761
0.073706 -0.17794
0.073494 -0.17807
0.072842 -0.17856
0.072268 -0.17885
0.071964 -0.17913
0.071491 -0.17942
0.07137 -0.17966
0.070613 -0.18025
0.070339 -0.18047
0.070147 -0.18064
0.069783 -0.18098
0.069449 -0.18124
0.068752 -0.18176
0.068363 -0.18208
0.068118 -0.18232
0.067569 -0.18265
0.067306 -0.18291
0.066493 -0.18349
0.066185 -0.18374
0.065986 -0.18399
0.057815 -0.19208
0.057106 -0.19281
0.05668 -0.19321
0.056536 -0.1936
0.056381 -0.19395
0.055971 -0.19435
0.055431 -0.19514
0.055166 -0.19547
0.054747 -0.19592
0.054779 -0.19629
0.054551 -0.19662
0.053959 -0.19736
0.053624 -0.19778
0.053604 -0.19813
0.053401 -0.19844
0.052982 -0.19881
0.052706 -0.19946
0.052356 -0.19981
0.052339 -0.20011
0.052099 -0.20043
0.051813 -0.20076
0.05159 -0.20138
0.051458 -0.20177
0.051275 -0.20205
0.051124 -0.20234
0.050889 -0.20274
0.050746 -0.20334
0.050402 -0.20371
0.050281 -0.20399
0.050116 -0.20429
0.049894 -0.20466
0.049603 -0.20539
0.049442 -0.20567
0.049323 -0.206
0.049072 -0.20639
0.049147 -0.2067
0.048644 -0.20741
0.048541 -0.20772
0.048663 -0.20811
0.048305 -0.20849
0.048182 -0.20878
0.047707 -0.20948
0.047787 -0.20982
0.047698 -0.21012
0.047356 -0.21056
0.047276 -0.21087
0.046921 -0.21165
0.046822 -0.21194
0.046568 -0.21233
0.046413 -0.2127
0.046387 -0.213
0.046059 -0.21377
0.045984 -0.21406
0.045842 -0.21446
0.045601 -0.21478
0.045618 -0.21513
0.045157 -0.21582
0.045025 -0.21624
0.044831 -0.21657
0.04482 -0.2169
0.044589 -0.2173
0.044458 -0.218
0.044206 -0.21839
0.043974 -0.21873
0.043996 -0.21907
0.04395 -0.21947
0.043718 -0.22014
0.043443 -0.22057
0.043466 -0.22094
0.043398 -0.22125
0.043134 -0.22167
0.042832 -0.22243
0.04283 -0.22276
0.042724 -0.22314
0.042493 -0.22353
0.042436 -0.22394
0.042202 -0.22469
0.042175 -0.22506
0.042147 -0.22542
0.041967 -0.22583
0.04184 -0.22621
0.041806 -0.22695
0.041691 -0.22732
0.041609 -0.22771
0.041632 -0.22802
0.041622 -0.22831
0.041546 -0.22895
0.041589 -0.22921
0.041648 -0.22954
0.041799 -0.22981
0.041633 -0.23016
0.041563 -0.2307
0.041564 -0.23093
0.041505 -0.23125
0.041421 -0.23147
0.041397 -0.23174
0.041375 -0.232
0.04126 -0.2326
0.04117 -0.23291
0.040954 -0.23322
0.040851 -0.23346
0.040929 -0.23398
0.040761 -0.23435
0.040739 -0.2346
0.040757 -0.23489
0.040702 -0.23521
0.040641 -0.23574
0.040459 -0.23599
0.040661 -0.23625
0.040503 -0.2366
0.040453 -0.23686
0.04031 -0.23735
0.040281 -0.23775
0.040255 -0.23802
0.040059 -0.2383
0.039941 -0.23868
0.039967 -0.23932
0.039934 -0.23959
0.039734 -0.23999
0.039805 -0.24033
0.039573 -0.24075
0.039594 -0.24146
0.039453 -0.24192
0.039459 -0.24231
0.03934 -0.24271
0.039392 -0.24319
0.039368 -0.24396
0.039333 -0.24444
0.039353 -0.24482
0.039063 -0.24528
0.039293 -0.24572
0.039324 -0.24658
0.039423 -0.24695
0.039379 -0.24734
0.039461 -0.24778
0.039558 -0.2481
0.039633 -0.24879
0.039612 -0.24913
0.039674 -0.24941
0.039714 -0.24968
0.039645 -0.25014
0.039751 -0.25068
0.039733 -0.2511
0.03962 -0.25146
0.039645 -0.25175
0.039544 -0.25216
0.039659 -0.25284
0.039716 -0.25318
0.039755 -0.2536
0.0397 -0.25395
0.039743 -0.25432
0.039772 -0.25508
0.039813 -0.25547
0.039884 -0.2559
0.039778 -0.25631
0.039919 -0.25668
0.040231 -0.25738
0.040377 -0.2578
0.040356 -0.2582
0.040512 -0.25855
0.040614 -0.25899
0.040813 -0.25973
0.041097 -0.26008
0.040986 -0.26051
0.041306 -0.26083
0.041426 -0.26113
0.041707 -0.2617
0.04197 -0.26185
0.041979 -0.26213
0.042281 -0.26236
0.042369 -0.26258
0.042674 -0.26301
0.042824 -0.26327
0.042793 -0.26358
0.042996 -0.26383
0.043326 -0.26412
0.043353 -0.26481
0.043581 -0.26519
0.043753 -0.2655
0.043918 -0.26582
0.044075 -0.26626
0.044532 -0.26687
0.044748 -0.2672
0.044753 -0.26758
0.045067 -0.26787
0.045176 -0.26818
0.045625 -0.26879
0.045811 -0.26903
0.045974 -0.26927
0.046245 -0.26955
0.046404 -0.26975
0.046389 -0.27024
0.046661 -0.27047
0.046752 -0.27064
0.046767 -0.27085
0.046917 -0.27098
0.04738 -0.27128
0.047201 -0.27156
0.047275 -0.27171
0.047312 -0.27187
0.047451 -0.27203
0.047761 -0.27237
0.047784 -0.2726
0.04793 -0.27279
0.048067 -0.27304
0.048223 -0.2732
0.048553 -0.27359
0.048854 -0.27381
0.048956 -0.27403
0.049002 -0.27433
0.049314 -0.27462
0.049524 -0.27526
0.049854 -0.27557
0.049974 -0.27592
0.050198 -0.27621
0.050442 -0.27657
0.051023 -0.27724
0.051187 -0.2776
0.051498 -0.27786
0.051911 -0.27818
0.051895 -0.27859
0.05262 -0.27915
0.052924 -0.27946
0.053222 -0.27972
0.053306 -0.28005
0.053723 -0.28032
0.053917 -0.2806
0.054413 -0.28112
0.054679 -0.28128
0.054873 -0.28145
0.055208 -0.28164
0.055245 -0.28187
0.055601 -0.2821
0.055901 -0.28226
0.05586 -0.28249
0.056056 -0.28261
0.056347 -0.2829
0.056651 -0.28305
0.056772 -0.28317
0.056882 -0.28327
0.056888 -0.28345
0.057373 -0.2838
0.057395 -0.28401
0.057482 -0.28418
0.057903 -0.28432
0.057966 -0.28451
0.058123 -0.28467
0.05856 -0.2851
0.058758 -0.28528
0.058996 -0.28545
0.059208 -0.28568
0.059593 -0.28593
0.060136 -0.28639
0.060226 -0.28677
0.060488 -0.28701
0.060848 -0.28727
0.061094 -0.28748
0.061796 -0.28792
0.062046 -0.28811
0.062149 -0.28842
0.062525 -0.28864
0.062754 -0.28882
0.063313 -0.28919
0.063421 -0.28941
0.06354 -0.28966
0.063695 -0.28986
0.064046 -0.29009
0.064464 -0.2905
0.064855 -0.29071
0.06511 -0.29091
0.065188 -0.29116
0.065549 -0.29134
0.065912 -0.29176
0.066163 -0.29197
0.066556 -0.29218
0.066801 -0.29239
0.067056 -0.29273
0.067783 -0.29311
0.068059 -0.29344
0.068309 -0.29369
0.068545 -0.29396
0.068891 -0.29429
0.069538 -0.29492
0.069753 -0.29524
0.070119 -0.29551
0.070453 -0.29583
0.071295 -0.29635
0.071364 -0.29674
0.071855 -0.29705
0.072105 -0.29739
0.072426 -0.29764
0.072962 -0.29787
0.073664 -0.29849
0.073944 -0.29876
0.074121 -0.2992
0.074569 -0.29942
0.075055 -0.29968
0.0755 -0.30032
0.075882 -0.30063
0.076327 -0.30081
0.076834 -0.3011
0.077397 -0.30173
0.077766 -0.30194
0.078274 -0.30223
0.07859 -0.30245
0.078873 -0.30271
0.079634 -0.30325
0.080257 -0.30344
0.080385 -0.30378
0.080793 -0.30407
0.081138 -0.3043
0.081933 -0.30483
0.082206 -0.30508
0.082432 -0.30536
0.082675 -0.30553
0.082948 -0.30572
0.083433 -0.30605
0.083642 -0.30618
0.083925 -0.3063
0.084118 -0.3064
0.084416 -0.30649
0.084533 -0.30659
0.084929 -0.30682
0.085287 -0.30697
0.085593 -0.30702
0.085873 -0.30715
0.085873 -0.30715
0.086695 -0.30757
0.086796 -0.30778
0.087006 -0.30789
0.087257 -0.30808
0.087718 -0.30837
0.088105 -0.30855
0.088391 -0.30873
0.088726 -0.30887
0.08916 -0.30905
0.089508 -0.30922
0.090192 -0.30962
0.090386 -0.30982
0.090734 -0.30998
0.091254 -0.31023
0.09152 -0.31048
0.092408 -0.31083
0.092762 -0.31101
0.093203 -0.31125
0.093589 -0.31144
0.094129 -0.31166
0.094868 -0.31207
0.095368 -0.31222
0.095726 -0.3124
0.096112 -0.31265
0.096737 -0.31312
0.09704 -0.3133
0.097389 -0.31347
0.097866 -0.31367
0.098187 -0.31392
0.098713 -0.31413
0.099289 -0.31443
0.099734 -0.3146
0.09993 -0.31475
0.10023 -0.31487
0.10092 -0.31517
0.1012 -0.31533
0.10158 -0.31554
0.10168 -0.31573
0.10193 -0.31589
0.10248 -0.31622
0.10278 -0.31636
0.10316 -0.31652
0.10343 -0.31667
0.10366 -0.31684
0.10427 -0.31717
0.10451 -0.31733
0.10477 -0.31748
0.10508 -0.31772
0.10543 -0.3178
0.10601 -0.31822
0.10622 -0.31835
0.10649 -0.3185
0.10693 -0.31871
0.1072 -0.31889
0.10761 -0.31908
0.10828 -0.31946
0.1086 -0.3197
0.10886 -0.31986
0.10908 -0.32004
0.10942 -0.32024
0.10967 -0.32063
0.10981 -0.32077
0.11022 -0.32089
0.11039 -0.32097
0.11069 -0.32115
0.111 -0.32129
0.11123 -0.32146
0.11136 -0.32167
0.11173 -0.32187
0.11202 -0.32206
0.11272 -0.32254
0.113 -0.32272
0.11344 -0.32288
0.11382 -0.32305
0.11453 -0.32341
0.11493 -0.32359
0.11528 -0.32374
0.11576 -0.32393
0.116 -0.32409
0.11681 -0.32438
0.11702 -0.32448
0.11732 -0.32459
0.11785 -0.32471
0.11812 -0.32484
0.11844 -0.32496
0.11917 -0.32526
0.11943 -0.32535
0.11986 -0.32547
0.12006 -0.32556
0.12019 -0.32566
0.12087 -0.3258
0.1211 -0.32587
0.12134 -0.32596
0.12156 -0.32604
0.12197 -0.32616
0.12247 -0.32637
0.12269 -0.32647
0.12307 -0.3266
0.1233 -0.32669
0.12343 -0.32688
0.12397 -0.32712
0.12435 -0.3272
0.12465 -0.32731
0.12497 -0.32742
0.12537 -0.32753
0.12609 -0.32769
0.12651 -0.32776
0.12678 -0.32786
0.12704 -0.32794
0.12744 -0.32796
0.12813 -0.32812
0.12826 -0.32819
0.12857 -0.32825
0.12891 -0.32832
0.12931 -0.32843
0.12948 -0.32851
0.12969 -0.32852
0.12997 -0.32855
0.13012 -0.32854
0.1303 -0.32848
0.13057 -0.32823
0.13066 -0.32816
0.13092 -0.32803
0.13104 -0.32801
0.13115 -0.32801
0.13147 -0.3281
0.13152 -0.32814
0.13178 -0.32816
0.13195 -0.3282
0.13221 -0.32817
0.13265 -0.32828
0.1328 -0.32834
0.13302 -0.32842
0.13318 -0.3285
0.13339 -0.32864
0.13375 -0.32871
0.1339 -0.32879
0.1341 -0.32887
0.13424 -0.32896
0.13454 -0.3291
0.13484 -0.3292
0.13501 -0.32929
0.13517 -0.32938
0.13539 -0.32947
0.13596 -0.32967
0.13604 -0.32983
0.13635 -0.32987
0.13639 -0.33002
0.13667 -0.33012
0.13715 -0.33024
0.13739 -0.33026
0.13755 -0.33027
0.13783 -0.33019
0.13811 -0.3302
0.13836 -0.33021
0.14051 -0.33085
0.14061 -0.33087
0.14074 -0.33089
0.14096 -0.3309
0.14121 -0.33097
0.14131 -0.331
0.14155 -0.33103
0.14163 -0.33105
0.14179 -0.33108
0.14207 -0.33104
0.14219 -0.33107
0.14223 -0.33111
0.14233 -0.33114
0.14241 -0.33116
0.14259 -0.33116
0.14265 -0.33115
0.14272 -0.33114
0.14277 -0.33112
0.14281 -0.3311
0.14287 -0.33104
0.14289 -0.33099
0.14286 -0.33094
0.14286 -0.33089
0.14288 -0.33087
0.14293 -0.33086
0.14297 -0.33084
0.14298 -0.33082
0.14302 -0.33079
0.14304 -0.33079
0.14324 -0.33069
0.14325 -0.33068
0.1434 -0.3307
0.14342 -0.3307
0.14343 -0.33071
0.14343 -0.33071
0.14343 -0.33071
0.14342 -0.33071
0.14341 -0.33071
0.1434 -0.33072
0.1434 -0.33075
0.1434 -0.33076
0.14339 -0.33076
0.14337 -0.33076
0.14335 -0.33075
0.14318 -0.33072
0.14331 -0.33074
0.14322 -0.33082
0.14343 -0.33078
0.14348 -0.33079
0.14365 -0.33083
0.1437 -0.33082
0.14374 -0.3308
0.14377 -0.33085
0.14391 -0.33088
0.14422 -0.3309
0.1444 -0.33092
0.1447 -0.33097
0.14492 -0.33102
0.14504 -0.33104
0.14517 -0.33107
0.14527 -0.33109
0.14551 -0.33104
0.1456 -0.33105
0.14563 -0.33109
0.14594 -0.33117
0.14607 -0.3312
0.14619 -0.33119
0.14636 -0.33116
0.1463 -0.33125
0.14638 -0.33132
0.14641 -0.33137
0.14647 -0.33142
0.14651 -0.33147
0.14657 -0.33151
0.14651 -0.33165
0.14655 -0.33168
0.14658 -0.3317
0.14655 -0.3318
0.14678 -0.33185
0.1472 -0.33174
0.14716 -0.33184
0.14732 -0.3318
0.14742 -0.33182
0.14739 -0.33191
0.14758 -0.33192
0.14755 -0.332
0.14765 -0.33195
0.14766 -0.33205
0.14791 -0.33202
0.14816 -0.3322
0.14827 -0.33223
0.14838 -0.33226
0.14847 -0.33228
0.14859 -0.33228
0.14871 -0.33229
0.14886 -0.33221
0.1489 -0.3322
0.14883 -0.33226
0.14888 -0.33226
0.14912 -0.33221
0.14915 -0.33221
0.14907 -0.33229
0.14918 -0.33222
0.14909 -0.33229
0.14923 -0.33222
0.14926 -0.33222
0.14921 -0.33231
0.14937 -0.33225
0.14958 -0.33227
0.14969 -0.33227
