0.16264 -0.1453
0.16266 -0.14532
0.16256 -0.14531
0.16232 -0.14534
0.16223 -0.14537
0.16213 -0.1454
0.16172 -0.14561
0.1617 -0.1456
0.16137 -0.14563
0.16133 -0.14551
0.16114 -0.14547
0.16105 -0.14544
0.16097 -0.14543
0.16076 -0.14546
0.16068 -0.14542
0.16044 -0.14532
0.16039 -0.14522
0.16035 -0.14512
0.1603 -0.14498
0.16031 -0.14487
0.16006 -0.14486
0.15981 -0.14471
0.15964 -0.14468
0.15904 -0.14462
0.15887 -0.14456
0.15862 -0.14452
0.15831 -0.14448
0.15767 -0.14447
0.15752 -0.14457
0.15733 -0.1446
0.15715 -0.14462
0.15697 -0.14473
0.1568 -0.14481
0.15612 -0.14497
0.15583 -0.14506
0.15562 -0.14514
0.15533 -0.1452
0.15513 -0.14527
0.15477 -0.14539
0.15447 -0.14548
0.15402 -0.14569
0.15401 -0.14583
0.15385 -0.14588
0.15317 -0.14583
0.15279 -0.1459
0.15261 -0.14591
0.15245 -0.14603
0.15229 -0.14608
0.15189 -0.14626
0.15175 -0.14633
0.15147 -0.14644
0.15098 -0.14657
0.15088 -0.14667
0.15021 -0.14674
0.14994 -0.1468
0.14974 -0.14686
0.14943 -0.14692
0.14918 -0.14702
0.14899 -0.14721
0.14871 -0.1473
0.14831 -0.14744
0.1481 -0.14751
0.1478 -0.14756
0.14713 -0.14772
0.14688 -0.14776
0.14644 -0.1479
0.14621 -0.14799
0.14576 -0.14807
0.1451 -0.14832
0.1446 -0.14834
0.14431 -0.14837
0.14381 -0.14844
0.14359 -0.14854
0.14258 -0.14884
0.14193 -0.14886
0.14155 -0.14902
0.14104 -0.14917
0.14068 -0.14926
0.1397 -0.14962
0.13938 -0.14971
0.13859 -0.14991
0.13816 -0.15006
0.1378 -0.15014
0.13679 -0.15044
0.1364 -0.15057
0.13582 -0.15062
0.13537 -0.15076
0.13476 -0.15097
0.13372 -0.15132
0.1333 -0.15144
0.13276 -0.15159
0.13212 -0.15177
0.13172 -0.15182
0.13059 -0.15221
0.13034 -0.15237
0.12972 -0.15258
0.12919 -0.15265
0.12884 -0.15278
0.12771 -0.15318
0.1273 -0.15329
0.12696 -0.15347
0.12637 -0.15367
0.12601 -0.1538
0.1247 -0.15421
0.12437 -0.15429
0.12359 -0.15453
0.12331 -0.1547
0.12287 -0.15489
0.12175 -0.1553
0.12124 -0.15542
0.12066 -0.15564
0.12009 -0.15582
0.11977 -0.15602
0.1187 -0.1564
0.11824 -0.15666
0.1179 -0.15687
0.11736 -0.15703
0.11624 -0.15747
0.11577 -0.15759
0.11535 -0.15791
0.11488 -0.15807
0.11415 -0.15829
0.11372 -0.15856
0.11289 -0.15893
0.11215 -0.15923
0.11155 -0.15954
0.11092 -0.15979
0.11036 -0.16014
0.10925 -0.16068
0.1087 -0.16093
0.10813 -0.16115
0.10738 -0.16149
0.10706 -0.16178
0.10571 -0.16227
0.10493 -0.16266
0.10437 -0.1629
0.10371 -0.16326
0.10324 -0.1635
0.10224 -0.16409
0.10149 -0.16437
0.10104 -0.1646
0.10054 -0.16498
0.10008 -0.16523
0.099132 -0.16569
0.098634 -0.16589
0.098187 -0.16612
0.097886 -0.16634
0.097396 -0.16652
0.096649 -0.16687
0.096377 -0.16706
0.095846 -0.1673
0.095458 -0.16752
0.095127 -0.16777
0.094042 -0.16814
0.093771 -0.16829
0.093148 -0.16858
0.092669 -0.16875
0.092045 -0.16906
0.091078 -0.16949
0.090713 -0.1698
0.090207 -0.16998
0.08938 -0.17041
0.089018 -0.17064
0.087673 -0.17116
0.087146 -0.17155
0.086431 -0.17191
0.08605 -0.17212
0.085353 -0.17252
0.084171 -0.17316
0.083729 -0.17346
0.083015 -0.17386
0.08268 -0.17406
0.081962 -0.17448
0.080916 -0.17523
0.080257 -0.17557
0.079584 -0.17601
0.079061 -0.17635
0.078095 -0.17704
0.077634 -0.17755
0.076937 -0.17802
0.076541 -0.17836
0.075813 -0.17881
0.075387 -0.17921
0.074329 -0.18006
0.07389 -0.18053
0.073329 -0.18085
0.07283 -0.18137
0.071516 -0.18228
0.071071 -0.18284
0.070594 -0.18321
0.07006 -0.18377
0.069455 -0.18426
0.069059 -0.18479
0.068248 -0.18583
0.067651 -0.1864
0.06711 -0.18698
0.066677 -0.18753
0.065958 -0.18813
0.06516 -0.18926
0.064533 -0.18982
0.064311 -0.19031
0.063793 -0.1909
0.063252 -0.19153
0.062659 -0.19256
0.062401 -0.19304
0.061979 -0.19357
0.061336 -0.19407
0.061331 -0.19451
0.06048 -0.19545
0.059983 -0.19606
0.059755 -0.19646
0.059317 -0.19703
0.059087 -0.19747
0.058306 -0.19839
0.058031 -0.19888
0.057835 -0.19932
0.057383 -0.19976
0.056986 -0.20076
0.056763 -0.20116
0.056322 -0.20166
0.05625 -0.20206
0.055852 -0.20266
0.055743 -0.20302
0.055282 -0.20396
0.054983 -0.20443
0.054694 -0.20485
0.05431 -0.20537
0.054166 -0.20572
0.053633 -0.20667
0.053247 -0.20723
0.053223 -0.20762
0.05284 -0.20806
0.052643 -0.20855
0.052242 -0.20948
0.051937 -0.20988
0.051642 -0.21039
0.051569 -0.21082
0.050959 -0.21175
0.050869 -0.21235
0.050661 -0.21283
0.050226 -0.21337
0.050146 -0.21393
0.049785 -0.21452
0.04928 -0.21563
0.048997 -0.21622
0.048933 -0.21676
0.048627 -0.21735
0.048164 -0.21856
0.047853 -0.2191
0.047914 -0.21959
0.047423 -0.22015
0.047362 -0.22063
0.047164 -0.22116
0.046635 -0.22214
0.046608 -0.22261
0.046322 -0.22314
0.046108 -0.22364
0.04595 -0.22471
0.045731 -0.22529
0.045648 -0.22581
0.04546 -0.22641
0.045412 -0.22697
0.045139 -0.22756
0.044707 -0.22879
0.04469 -0.22926
0.044592 -0.2299
0.044523 -0.23037
0.044395 -0.23106
0.044208 -0.23221
0.043946 -0.23281
0.044033 -0.23337
0.043874 -0.23396
0.043785 -0.23454
0.043483 -0.23562
0.043389 -0.23629
0.043389 -0.23678
0.0432 -0.23742
0.043224 -0.23789
0.043097 -0.23897
0.042832 -0.23963
0.043002 -0.24004
0.042732 -0.24057
0.042833 -0.24103
0.042841 -0.24201
0.04291 -0.2424
0.04256 -0.24297
0.042738 -0.24341
0.04251 -0.24447
0.042456 -0.24493
0.042387 -0.24541
0.042623 -0.24583
0.042356 -0.24641
0.042414 -0.24741
0.042513 -0.2479
0.042489 -0.24844
0.042435 -0.2489
0.04265 -0.24932
0.042329 -0.24995
0.042427 -0.251
0.042598 -0.25151
0.042574 -0.25205
0.042796 -0.25253
0.042878 -0.2536
0.043128 -0.2541
0.043045 -0.25475
0.043329 -0.25522
0.043501 -0.25575
0.043719 -0.2563
0.043928 -0.25746
0.043922 -0.25802
0.044176 -0.25864
0.044178 -0.25922
0.044515 -0.25981
0.044603 -0.26119
0.044708 -0.26189
0.0449 -0.26257
0.044889 -0.26328
0.044869 -0.2641
0.045024 -0.26564
0.045233 -0.26645
0.0456 -0.26721
0.045691 -0.26803
0.045658 -0.2689
0.046204 -0.27049
0.046434 -0.27126
0.046781 -0.27203
0.046758 -0.27286
0.047284 -0.27359
0.047755 -0.27515
0.048014 -0.27597
0.048084 -0.27674
0.048307 -0.27751
0.048691 -0.27824
0.049161 -0.27962
0.049385 -0.2803
0.049716 -0.28092
0.050085 -0.28153
0.050348 -0.28211
0.050808 -0.28326
0.051221 -0.28371
0.051444 -0.28431
0.051757 -0.28472
0.052011 -0.28522
0.052692 -0.28603
0.053119 -0.28649
0.05332 -0.28685
0.053435 -0.28729
0.053988 -0.28765
0.054496 -0.28853
0.054932 -0.28884
0.055223 -0.28919
0.055785 -0.28956
0.055909 -0.29002
0.056666 -0.29086
0.056927 -0.29138
0.057484 -0.29184
0.057768 -0.29228
0.058358 -0.29272
0.059108 -0.29376
0.05961 -0.29422
0.059874 -0.29479
0.06034 -0.2953
0.061062 -0.29575
0.061815 -0.29682
0.062478 -0.29726
0.062934 -0.29775
0.063375 -0.29824
0.063944 -0.29881
0.065029 -0.29984
0.065583 -0.30029
0.066062 -0.30088
0.066561 -0.30131
0.067238 -0.30184
0.068275 -0.3029
0.068845 -0.30338
0.069422 -0.3039
0.070094 -0.30439
0.070683 -0.30485
0.071602 -0.30593
0.07228 -0.30644
0.072526 -0.30696
0.073052 -0.3075
0.073769 -0.30792
0.07472 -0.30894
0.075412 -0.30942
0.075952 -0.30991
0.076301 -0.31048
0.076966 -0.31088
0.077966 -0.31182
0.078595 -0.31228
0.079243 -0.3127
0.079464 -0.31331
0.080241 -0.31372
0.081469 -0.3146
0.082005 -0.31504
0.082634 -0.31543
0.083196 -0.31583
0.083638 -0.31622
0.08471 -0.31699
0.085102 -0.31746
0.085872 -0.3178
0.086297 -0.31814
0.086805 -0.31849
0.087773 -0.31917
0.088104 -0.31944
0.088601 -0.31975
0.089152 -0.31997
0.089419 -0.32032
0.090384 -0.32087
0.090687 -0.32117
0.091142 -0.32141
0.091557 -0.32166
0.091965 -0.32196
0.092743 -0.32243
0.093126 -0.32262
0.093543 -0.32288
0.093851 -0.32308
0.09407 -0.32332
0.094792 -0.32378
0.095197 -0.32396
0.095544 -0.32409
0.095824 -0.32431
0.096235 -0.32446
0.0967 -0.32486
0.096961 -0.32499
0.097151 -0.32517
0.097592 -0.3253
0.09785 -0.32543
0.098301 -0.32577
0.098577 -0.32605
0.09878 -0.32616
0.099045 -0.3263
0.099426 -0.32649
0.10007 -0.32676
0.10059 -0.32696
0.10087 -0.3271
0.10118 -0.32725
0.10158 -0.32747
0.10233 -0.32783
0.1025 -0.32802
0.1028 -0.3282
0.10328 -0.3284
0.1035 -0.32857
0.10426 -0.32885
0.10442 -0.32906
0.10474 -0.32926
0.10516 -0.3295
0.10543 -0.32965
0.10611 -0.32996
0.10639 -0.33012
0.10666 -0.33028
0.10698 -0.33048
0.10722 -0.33058
0.10782 -0.33086
0.10798 -0.33099
0.10811 -0.33121
0.10832 -0.33146
0.10868 -0.33158
0.10907 -0.33182
0.10946 -0.33194
0.10968 -0.33209
0.11007 -0.33216
0.11038 -0.33235
0.11089 -0.33261
0.11123 -0.33272
0.1117 -0.33292
0.11201 -0.33304
0.11247 -0.33326
0.1131 -0.33356
0.11361 -0.33375
0.11397 -0.33389
0.11444 -0.33405
0.11494 -0.33423
0.11592 -0.3346
0.11615 -0.33482
0.11661 -0.33497
0.11705 -0.33516
0.1175 -0.33536
0.11838 -0.3356
0.11882 -0.33581
0.11916 -0.33598
0.11973 -0.33608
0.12019 -0.33621
0.12092 -0.33644
0.12142 -0.3366
0.12177 -0.33675
0.12195 -0.3369
0.12248 -0.33699
0.12323 -0.33723
0.12363 -0.3374
0.12409 -0.33747
0.12441 -0.33759
0.12501 -0.33764
0.12575 -0.33784
0.12609 -0.33801
0.12648 -0.33801
0.12666 -0.33813
0.12723 -0.33822
0.12809 -0.33836
0.12841 -0.3384
0.12885 -0.33848
0.12906 -0.33856
0.12937 -0.3386
0.12982 -0.33871
0.1301 -0.33879
0.1303 -0.33888
0.13042 -0.33899
0.13058 -0.33907
0.13113 -0.33921
0.13124 -0.33934
0.13151 -0.33935
0.13169 -0.33943
0.13178 -0.33955
0.13205 -0.33968
0.13234 -0.33974
0.13277 -0.33968
0.13285 -0.33978
0.13316 -0.33991
0.13323 -0.33994
0.13351 -0.33992
0.13364 -0.33998
0.13386 -0.34012
0.1342 -0.34009
0.13445 -0.34019
0.13476 -0.34014
0.13495 -0.34017
0.13511 -0.34027
0.13548 -0.34029
0.13602 -0.34031
0.13623 -0.34039
0.13653 -0.34042
0.13675 -0.34045
0.13712 -0.34048
0.1374 -0.34049
0.13767 -0.34051
0.13797 -0.34051
0.13833 -0.34048
0.13851 -0.34053
0.13905 -0.34064
0.13921 -0.34069
0.13937 -0.34075
0.13958 -0.34077
0.13973 -0.34081
0.14023 -0.34091
0.14043 -0.34094
0.14059 -0.34102
0.14068 -0.34104
0.14075 -0.34109
0.14113 -0.34101
0.14129 -0.34105
0.14141 -0.34112
0.14152 -0.34117
0.14177 -0.34124
0.14202 -0.34136
0.14211 -0.34144
0.14234 -0.34153
0.14248 -0.34159
0.14269 -0.34163
0.14309 -0.34176
0.14308 -0.34186
0.14333 -0.34183
0.14335 -0.34192
0.14354 -0.34189
0.14365 -0.342
0.14367 -0.34212
0.14379 -0.34219
0.14412 -0.34226
0.14423 -0.3423
0.14449 -0.34236
0.14455 -0.34237
0.14464 -0.34239
0.14472 -0.3424
0.14473 -0.34243
0.14486 -0.34246
0.14499 -0.34248
0.14508 -0.34252
0.14518 -0.34252
0.14518 -0.34256
0.14522 -0.34257
0.14524 -0.34257
0.14525 -0.34257
0.1454 -0.34251
0.14542 -0.34254
0.14547 -0.34258
0.14548 -0.34259
0.1455 -0.34259
0.1455 -0.34259
0.14549 -0.34258
0.14547 -0.34256
0.14546 -0.34255
0.14547 -0.34254
0.14546 -0.34254
0.14546 -0.34254
0.14544 -0.34253
0.14544 -0.3425
0.14544 -0.34248
0.14543 -0.34247
0.14541 -0.34245
0.14541 -0.34241
