0.21645 -0.22881
0.21636 -0.22876
0.2163 -0.22874
0.21627 -0.22872
0.21619 -0.2287
0.21609 -0.22872
0.21611 -0.22872
0.21604 -0.22874
0.21592 -0.22879
0.21579 -0.22881
0.21567 -0.22883
0.2155 -0.22885
0.21546 -0.22884
0.21542 -0.22881
0.2152 -0.22871
0.21528 -0.22865
0.21523 -0.2286
0.21497 -0.22847
0.21482 -0.22844
0.21455 -0.22831
0.21443 -0.22819
0.21443 -0.22806
0.21439 -0.22791
0.21391 -0.22774
0.21365 -0.22751
0.21348 -0.22734
0.21328 -0.22725
0.21304 -0.22719
0.21267 -0.22706
0.21232 -0.22678
0.21205 -0.22665
0.21151 -0.22649
0.21133 -0.22639
0.2111 -0.22624
0.21056 -0.22597
0.21029 -0.22579
0.20993 -0.22573
0.20946 -0.22554
0.20919 -0.22533
0.20858 -0.22498
0.2082 -0.22482
0.20787 -0.2247
0.20775 -0.22459
0.20734 -0.22446
0.20674 -0.22425
0.20676 -0.22412
0.20625 -0.22394
0.20605 -0.22383
0.20581 -0.22369
0.20513 -0.22341
0.20487 -0.22326
0.20439 -0.22317
0.20399 -0.22302
0.20375 -0.22289
0.20332 -0.22265
0.20292 -0.2225
0.20267 -0.22237
0.20251 -0.22226
0.20237 -0.22219
0.20199 -0.222
0.20168 -0.22189
0.20151 -0.2218
0.20127 -0.2217
0.20095 -0.2216
0.2005 -0.22142
0.20024 -0.22137
0.20009 -0.22134
0.19991 -0.22131
0.19977 -0.22129
0.19901 -0.22126
0.19906 -0.22125
0.19889 -0.22118
0.19872 -0.22112
0.19848 -0.22104
0.19784 -0.22089
0.19764 -0.22081
0.19754 -0.22071
0.19709 -0.22053
0.19689 -0.22043
0.1966 -0.2203
0.19639 -0.22026
0.19601 -0.22011
0.19582 -0.22003
0.19555 -0.21988
0.19461 -0.21965
0.19425 -0.21949
0.19407 -0.21937
0.1936 -0.21923
0.19323 -0.21908
0.19254 -0.21888
0.19229 -0.21879
0.19205 -0.2187
0.19143 -0.21853
0.19109 -0.21843
0.19042 -0.21819
0.18992 -0.21806
0.18959 -0.21795
0.18937 -0.21783
0.18885 -0.21768
0.18813 -0.21749
0.18756 -0.21732
0.18731 -0.21724
0.18702 -0.21714
0.18674 -0.21705
0.18612 -0.21683
0.18635 -0.21636
0.18602 -0.21626
0.18552 -0.21602
0.18516 -0.21592
0.18425 -0.21561
0.18405 -0.21552
0.18368 -0.2154
0.18323 -0.21521
0.18285 -0.21516
0.18202 -0.21485
0.18152 -0.21472
0.18133 -0.21452
0.18081 -0.21442
0.18041 -0.21432
0.17954 -0.21398
0.17917 -0.21387
0.17862 -0.2137
0.17823 -0.21359
0.17792 -0.21346
0.17702 -0.2131
0.17636 -0.21291
0.176 -0.21276
0.17562 -0.21262
0.1751 -0.21244
0.1743 -0.21223
0.17377 -0.21196
0.17349 -0.21189
0.17305 -0.21182
0.1727 -0.21154
0.17169 -0.21138
0.1712 -0.21118
0.17079 -0.21104
0.17049 -0.21094
0.16993 -0.21078
0.16921 -0.21065
0.16855 -0.21052
0.1683 -0.21036
0.168 -0.21027
0.16733 -0.21014
0.16651 -0.20987
0.16616 -0.20976
0.16584 -0.20965
0.1654 -0.20957
0.16511 -0.20951
0.16431 -0.20934
0.16395 -0.2093
0.16337 -0.20923
0.16316 -0.2091
0.16273 -0.20908
0.1618 -0.20894
0.16146 -0.20885
0.16089 -0.20871
0.16056 -0.20861
0.16026 -0.20851
0.15909 -0.20846
0.15867 -0.20848
0.15847 -0.20831
0.1578 -0.20826
0.15749 -0.20818
0.15629 -0.20813
0.1559 -0.20796
0.15533 -0.20781
0.15482 -0.20774
0.15447 -0.20769
0.15335 -0.20765
0.15293 -0.2076
0.15239 -0.20754
0.15177 -0.20748
0.15146 -0.20745
0.15043 -0.20726
0.15002 -0.20722
0.14949 -0.20717
0.1488 -0.2072
0.14858 -0.2072
0.14773 -0.20723
0.14726 -0.20723
0.14672 -0.20721
0.14635 -0.20721
0.1459 -0.20719
0.14519 -0.20728
0.1449 -0.20728
0.1445 -0.2073
0.14409 -0.20724
0.14372 -0.20736
0.14333 -0.20744
0.14271 -0.20756
0.14214 -0.20752
0.14173 -0.2076
0.14136 -0.20776
0.14078 -0.20785
0.14028 -0.20801
0.1399 -0.20815
0.13938 -0.2082
0.13917 -0.20837
0.13843 -0.20861
0.13793 -0.20872
0.13747 -0.20887
0.13729 -0.20897
0.13682 -0.20916
0.13573 -0.20944
0.13533 -0.20957
0.13487 -0.20976
0.1345 -0.20983
0.13407 -0.20994
0.13301 -0.21024
0.13266 -0.2104
0.13227 -0.2106
0.13184 -0.2107
0.13138 -0.21089
0.1307 -0.21118
0.13015 -0.21134
0.12987 -0.21145
0.12941 -0.2115
0.12908 -0.21168
0.12837 -0.21197
0.12812 -0.21207
0.12769 -0.21225
0.12737 -0.21239
0.1271 -0.21252
0.12661 -0.21263
0.12632 -0.21274
0.12563 -0.2129
0.12547 -0.21308
0.12518 -0.2132
0.1243 -0.21354
0.12409 -0.21362
0.12386 -0.21375
0.12369 -0.21388
0.1233 -0.21405
0.12277 -0.21437
0.1224 -0.21455
0.12206 -0.21468
0.12197 -0.21474
0.12163 -0.2148
0.12074 -0.215
0.12056 -0.21508
0.12006 -0.21533
0.11979 -0.21558
0.11953 -0.21572
0.11876 -0.21609
0.1186 -0.21618
0.11827 -0.21636
0.118 -0.21651
0.11774 -0.21679
0.11721 -0.21723
0.11694 -0.2174
0.1164 -0.21768
0.11623 -0.21787
0.11576 -0.21805
0.11504 -0.2184
0.11479 -0.21854
0.11463 -0.21872
0.11416 -0.21896
0.11386 -0.21922
0.11319 -0.21953
0.11276 -0.21976
0.11227 -0.21989
0.11202 -0.22003
0.11157 -0.22026
0.11088 -0.22078
0.11057 -0.22098
0.11025 -0.22114
0.10983 -0.22136
0.1095 -0.22161
0.10865 -0.22211
0.10828 -0.22234
0.1078 -0.2227
0.10737 -0.22301
0.10694 -0.22329
0.10621 -0.22376
0.10576 -0.2241
0.10542 -0.22429
0.10511 -0.22459
0.10457 -0.22487
0.10366 -0.2255
0.10328 -0.22577
0.10282 -0.22608
0.10243 -0.22639
0.10214 -0.22666
0.10121 -0.22725
0.10085 -0.22757
0.10048 -0.2279
0.1001 -0.22812
0.099658 -0.22846
0.09906 -0.22908
0.098564 -0.22943
0.098265 -0.22966
0.097845 -0.23004
0.097492 -0.23033
0.096715 -0.23097
0.096568 -0.23125
0.096406 -0.23161
0.096032 -0.2319
0.095628 -0.23227
0.095052 -0.23277
0.094603 -0.23304
0.094219 -0.23339
0.09378 -0.23375
0.093463 -0.23402
0.09261 -0.23468
0.092144 -0.235
0.091691 -0.23531
0.091423 -0.23573
0.090926 -0.23613
0.090226 -0.23688
0.089864 -0.23717
0.089337 -0.23755
0.089146 -0.23787
0.088697 -0.23819
0.08816 -0.23886
0.087688 -0.2392
0.087341 -0.23952
0.087 -0.23991
0.086855 -0.24017
0.086061 -0.24085
0.0858 -0.24117
0.0854 -0.24151
0.085235 -0.24181
0.084782 -0.24215
0.0844 -0.24265
0.084082 -0.2429
0.083881 -0.24318
0.083647 -0.2435
0.083397 -0.24376
0.082887 -0.24437
0.082657 -0.24456
0.082605 -0.24476
0.082256 -0.24506
0.082129 -0.24536
0.081872 -0.246
0.081585 -0.24634
0.081352 -0.24669
0.081152 -0.24694
0.080843 -0.24727
0.080481 -0.2479
0.080112 -0.24821
0.079999 -0.24847
0.079854 -0.24892
0.079747 -0.24918
0.079351 -0.24976
0.07918 -0.25008
0.079056 -0.25037
0.078724 -0.2507
0.078606 -0.25097
0.078219 -0.25156
0.078133 -0.25188
0.077931 -0.25221
0.077637 -0.25256
0.077361 -0.25288
0.077096 -0.25359
0.076925 -0.25396
0.076723 -0.25428
0.07658 -0.2546
0.076135 -0.25506
0.075682 -0.25579
0.075513 -0.25617
0.075363 -0.25663
0.075178 -0.25697
0.07489 -0.25736
0.074384 -0.25819
0.074161 -0.25854
0.074074 -0.25901
0.073705 -0.25947
0.073414 -0.25995
0.072987 -0.26075
0.072863 -0.26125
0.072536 -0.26163
0.07236 -0.26209
0.072146 -0.26249
0.071727 -0.26341
0.071504 -0.26387
0.071378 -0.26425
0.070961 -0.26478
0.071081 -0.26517
0.070561 -0.26608
0.070215 -0.26651
0.070208 -0.26702
0.069821 -0.26749
0.069798 -0.26786
0.069432 -0.26874
0.069061 -0.26929
0.068872 -0.26971
0.068558 -0.27018
0.068551 -0.27065
0.068198 -0.27155
0.067962 -0.27194
0.067922 -0.27246
0.067723 -0.27289
0.06747 -0.27328
0.067158 -0.2743
0.067045 -0.2747
0.066659 -0.27519
0.066672 -0.2756
0.066469 -0.27616
0.066369 -0.27654
0.066089 -0.2775
0.065768 -0.27799
0.065664 -0.27845
0.065242 -0.27896
0.065113 -0.27994
0.064926 -0.28044
0.064784 -0.28096
0.064653 -0.28143
0.064471 -0.28196
0.064212 -0.28294
0.064116 -0.28341
0.064189 -0.28389
0.063954 -0.28439
0.063855 -0.28479
0.063702 -0.28578
0.063503 -0.28633
0.063415 -0.28678
0.063213 -0.28736
0.063088 -0.28782
0.062784 -0.28888
0.062613 -0.28944
0.062503 -0.29003
0.062432 -0.29051
0.062189 -0.29114
0.062095 -0.29228
0.062044 -0.2929
0.06196 -0.29343
0.061978 -0.29406
0.061847 -0.29463
0.06181 -0.2958
0.061775 -0.29648
0.061716 -0.29704
0.061694 -0.29764
0.061754 -0.29821
0.061839 -0.29936
0.061727 -0.29999
0.061869 -0.30049
0.061771 -0.30113
0.061883 -0.30169
0.06205 -0.30284
0.061947 -0.30344
0.062084 -0.304
0.061992 -0.30458
0.062108 -0.30518
0.062255 -0.30633
0.06225 -0.30689
0.062413 -0.30747
0.06233 -0.30808
0.062577 -0.30863
0.062639 -0.30987
0.062623 -0.31043
0.062755 -0.31109
0.062853 -0.31164
0.06293 -0.31229
0.063127 -0.31351
0.063212 -0.31412
0.063287 -0.31472
0.063446 -0.31527
0.063565 -0.31589
0.063757 -0.31707
0.063939 -0.3177
0.0641 -0.31823
0.064255 -0.31889
0.064389 -0.31941
0.064514 -0.32063
0.06473 -0.32117
0.064956 -0.3217
0.065237 -0.3222
0.065224 -0.32282
0.065631 -0.32388
0.06577 -0.3244
0.065887 -0.32489
0.066219 -0.32537
0.066195 -0.32598
0.066668 -0.3269
0.066925 -0.32742
0.067043 -0.32787
0.067228 -0.32844
0.067326 -0.32891
0.067987 -0.32989
0.06825 -0.33039
0.068447 -0.33094
0.068665 -0.33151
0.068872 -0.33204
0.069458 -0.33314
0.069688 -0.33372
0.069935 -0.33432
0.070123 -0.33487
0.070681 -0.33541
0.07104 -0.33665
0.07132 -0.33726
0.071671 -0.33779
0.071761 -0.33841
0.071926 -0.33898
0.072654 -0.34013
0.072734 -0.3408
0.073182 -0.34134
0.073312 -0.34192
0.073729 -0.34244
0.074067 -0.34361
0.074488 -0.34418
0.074581 -0.34476
0.074892 -0.34532
0.075186 -0.34592
0.075909 -0.34697
0.076115 -0.34753
0.076513 -0.34802
0.076914 -0.34857
0.077202 -0.3491
0.077851 -0.35014
0.07819 -0.3507
0.078541 -0.35123
0.078915 -0.35163
0.079294 -0.35217
0.080051 -0.3531
0.080487 -0.35357
0.080633 -0.35405
0.081165 -0.35446
0.08137 -0.35497
0.082095 -0.35592
0.08258 -0.35633
0.083021 -0.35678
0.083308 -0.35725
0.0837 -0.35768
0.084523 -0.3585
0.084729 -0.35898
0.085216 -0.35936
0.085636 -0.35969
0.08607 -0.36014
0.086722 -0.36087
0.087179 -0.36119
0.087469 -0.36159
0.087721 -0.3619
0.088143 -0.3622
0.088821 -0.3628
0.089018 -0.36311
0.089518 -0.36339
0.089795 -0.3636
0.090118 -0.36382
0.0908 -0.36433
0.091334 -0.36454
0.091598 -0.36482
0.091841 -0.36516
0.092286 -0.36544
0.093065 -0.36599
0.093399 -0.36622
0.093629 -0.36654
0.09408 -0.36684
0.094431 -0.3671
0.095176 -0.36767
0.095594 -0.36794
0.095965 -0.3682
0.096272 -0.36848
0.096841 -0.36871
0.097664 -0.36924
0.097997 -0.36949
0.098449 -0.36975
0.098741 -0.36996
0.099238 -0.37027
0.10002 -0.37071
0.10045 -0.37094
0.10081 -0.3712
0.10134 -0.37143
0.1017 -0.37161
0.1024 -0.37215
0.10274 -0.37234
0.10316 -0.37255
0.10345 -0.37277
0.10382 -0.37307
0.10436 -0.37344
0.10477 -0.37367
0.10504 -0.37387
0.10537 -0.37406
0.10579 -0.37425
0.10643 -0.37461
0.10679 -0.37478
0.10706 -0.37498
0.10735 -0.37511
0.10772 -0.37524
0.10826 -0.3756
0.1086 -0.37576
0.10883 -0.37592
0.1091 -0.37611
0.10949 -0.37624
0.10981 -0.37654
0.11005 -0.37669
0.11038 -0.37682
0.11072 -0.37696
0.11096 -0.37712
0.11152 -0.37741
0.11177 -0.37762
0.11194 -0.37781
0.11234 -0.37795
0.11268 -0.37812
0.11322 -0.37845
0.11347 -0.37863
0.11381 -0.37878
0.11432 -0.37895
0.11456 -0.37909
0.11518 -0.37945
0.1155 -0.37966
0.11578 -0.37982
0.116 -0.38003
0.11638 -0.38017
0.11703 -0.3805
0.11745 -0.38068
0.11778 -0.38082
0.11808 -0.38097
0.11852 -0.38108
0.1191 -0.38129
0.11949 -0.38142
0.11978 -0.38153
0.12008 -0.38166
0.12037 -0.38175
0.12104 -0.38195
0.12123 -0.38204
0.12144 -0.38215
0.12175 -0.38227
0.12205 -0.38236
0.12229 -0.38254
0.12246 -0.3826
0.12281 -0.38266
0.12307 -0.38274
0.12323 -0.3828
0.12363 -0.38295
0.12395 -0.38301
0.12418 -0.38309
0.12435 -0.38316
0.12451 -0.38324
0.12497 -0.38337
0.12522 -0.38345
0.12539 -0.3835
0.12551 -0.38356
0.1257 -0.38362
0.1262 -0.38374
0.12655 -0.38374
0.12676 -0.3838
0.12696 -0.38388
0.12715 -0.38394
0.12769 -0.38405
0.12784 -0.38409
0.12792 -0.38411
0.12809 -0.38412
0.12824 -0.38414
0.12859 -0.38416
0.12877 -0.38411
0.12905 -0.38409
0.12919 -0.38407
0.12926 -0.38405
0.12974 -0.38397
0.12982 -0.38396
0.12993 -0.38396
0.13002 -0.38399
0.13024 -0.38402
0.13042 -0.38403
0.13052 -0.38407
0.13066 -0.3841
0.13081 -0.38411
0.13102 -0.3841
0.13173 -0.38395
0.13201 -0.38388
0.13232 -0.3838
0.13255 -0.38376
0.13286 -0.38373
0.13351 -0.38376
0.13372 -0.38379
0.13387 -0.38378
0.13429 -0.38378
0.13452 -0.38377
0.1349 -0.3838
0.1353 -0.38375
0.13549 -0.38379
0.13575 -0.38385
0.13605 -0.38389
0.13626 -0.38392
0.13637 -0.38393
0.1364 -0.38396
0.13656 -0.38395
0.13667 -0.38397
0.1371 -0.38398
0.13724 -0.38399
0.13737 -0.384
0.13749 -0.384
0.13768 -0.384
0.1379 -0.38389
0.1379 -0.38388
0.13782 -0.38381
0.13786 -0.38374
0.13792 -0.38365
0.13821 -0.38344
0.13836 -0.38332
0.13839 -0.38328
0.13861 -0.38325
0.13872 -0.38325
0.13884 -0.38323
0.13898 -0.38321
0.13905 -0.3832
0.13912 -0.3832
0.13921 -0.38321
0.13943 -0.38329
0.13958 -0.38334
0.13988 -0.38344
0.14002 -0.38353
0.14016 -0.38361
0.14056 -0.38374
0.14071 -0.38381
0.14081 -0.38392
0.14094 -0.384
0.14119 -0.38408
0.14161 -0.38422
0.14175 -0.38427
0.14187 -0.38432
0.14197 -0.38436
0.14205 -0.38439
0.14236 -0.38438
0.14236 -0.38437
0.14247 -0.38434
0.14256 -0.38438
0.14264 -0.38439
0.1429 -0.38436
0.14312 -0.38435
0.14322 -0.38437
0.14328 -0.38438
0.14336 -0.38439
0.14344 -0.38439
0.14347 -0.38438
0.14349 -0.38436
0.1435 -0.38436
0.14353 -0.38436
