0.23298 -0.1949
0.23387 -0.19423
0.23372 -0.19429
0.23249 -0.19508
0.23226 -0.19502
0.23178 -0.19498
0.2316 -0.19487
0.2311 -0.19476
0.23112 -0.19403
0.2298 -0.19463
0.23021 -0.19401
0.22861 -0.19461
0.22809 -0.19457
0.22793 -0.19387
0.22745 -0.19388
0.22693 -0.19374
0.22653 -0.19365
0.22604 -0.1936
0.22509 -0.19362
0.2245 -0.19361
0.2243 -0.1936
0.2237 -0.19371
0.22307 -0.19366
0.22249 -0.19356
0.22268 -0.19328
0.22223 -0.19315
0.22169 -0.19337
0.22175 -0.19309
0.22061 -0.19297
0.22019 -0.19313
0.2197 -0.19316
0.21935 -0.19305
0.21901 -0.19302
0.21822 -0.19291
0.21773 -0.19292
0.21746 -0.19289
0.21704 -0.19284
0.21675 -0.1927
0.21608 -0.19256
0.21569 -0.19245
0.21522 -0.19255
0.2147 -0.19257
0.21451 -0.19258
0.21377 -0.19241
0.2134 -0.19233
0.21276 -0.19228
0.21236 -0.1923
0.21223 -0.19224
0.21119 -0.19221
0.21065 -0.19229
0.2103 -0.19229
0.20994 -0.19221
0.20942 -0.19215
0.20825 -0.19219
0.20795 -0.19217
0.20756 -0.19214
0.20702 -0.19207
0.20635 -0.19213
0.20517 -0.1921
0.2047 -0.19209
0.20402 -0.19218
0.20344 -0.1921
0.203 -0.19214
0.20172 -0.1922
0.20138 -0.1922
0.20094 -0.19221
0.20009 -0.19222
0.19971 -0.19222
0.19835 -0.19235
0.19772 -0.19256
0.19724 -0.19274
0.19647 -0.19279
0.19584 -0.19293
0.19429 -0.19317
0.19356 -0.19331
0.19284 -0.19345
0.19199 -0.19352
0.19109 -0.19362
0.18977 -0.19379
0.18878 -0.19388
0.18809 -0.19388
0.18712 -0.19389
0.18628 -0.19406
0.18491 -0.19416
0.18417 -0.19421
0.18325 -0.19429
0.18283 -0.19433
0.1819 -0.19432
0.18056 -0.1945
0.17984 -0.19452
0.17911 -0.19463
0.17853 -0.19473
0.17783 -0.19469
0.17638 -0.19474
0.17579 -0.19482
0.17499 -0.19483
0.17445 -0.19484
0.17378 -0.1949
0.17264 -0.19495
0.17212 -0.19493
0.17175 -0.19497
0.17101 -0.19495
0.17042 -0.19498
0.16926 -0.19495
0.16862 -0.19506
0.16813 -0.19513
0.16765 -0.19517
0.16668 -0.19531
0.16567 -0.19548
0.16498 -0.19552
0.16426 -0.19568
0.16375 -0.19583
0.16312 -0.19592
0.16162 -0.19626
0.16106 -0.19637
0.16039 -0.1965
0.15945 -0.19672
0.15877 -0.19688
0.15718 -0.19717
0.15645 -0.19736
0.15578 -0.19752
0.15493 -0.1977
0.15402 -0.19785
0.15253 -0.19819
0.15163 -0.19831
0.15093 -0.19856
0.15036 -0.19873
0.14962 -0.19883
0.14831 -0.19921
0.14769 -0.19944
0.14705 -0.19964
0.1463 -0.19977
0.14558 -0.19998
0.14425 -0.20031
0.14363 -0.20042
0.14308 -0.2006
0.14235 -0.20082
0.14189 -0.20093
0.1404 -0.20118
0.13997 -0.20139
0.13926 -0.20153
0.13855 -0.20171
0.13798 -0.20184
0.13672 -0.20226
0.13602 -0.20237
0.13525 -0.20262
0.13467 -0.2029
0.13415 -0.20305
0.13295 -0.20357
0.13201 -0.20383
0.13143 -0.20402
0.13079 -0.20429
0.13017 -0.20455
0.1289 -0.20511
0.12825 -0.20527
0.12767 -0.20564
0.1271 -0.20583
0.12657 -0.20609
0.12556 -0.20653
0.12494 -0.20691
0.12456 -0.20719
0.12394 -0.20751
0.12336 -0.20781
0.12239 -0.2084
0.12175 -0.20875
0.12141 -0.20907
0.12096 -0.20935
0.12041 -0.2097
0.11951 -0.21035
0.1192 -0.21057
0.11887 -0.21089
0.11817 -0.21127
0.11778 -0.21157
0.11683 -0.2121
0.11627 -0.21238
0.1159 -0.2127
0.11552 -0.21296
0.11499 -0.21325
0.1142 -0.21383
0.11378 -0.21405
0.11343 -0.21429
0.11295 -0.21467
0.11273 -0.21503
0.11181 -0.2156
0.11152 -0.21581
0.11105 -0.21613
0.11072 -0.21636
0.11046 -0.21661
0.10967 -0.21722
0.10924 -0.21752
0.10893 -0.21772
0.10869 -0.21795
0.10816 -0.21821
0.10756 -0.21875
0.10716 -0.21904
0.10679 -0.21932
0.10648 -0.21958
0.10597 -0.21994
0.10527 -0.22061
0.10503 -0.22093
0.10477 -0.22122
0.10427 -0.22155
0.10417 -0.22189
0.10345 -0.22246
0.10319 -0.22276
0.10281 -0.22307
0.10259 -0.22336
0.10231 -0.22369
0.10176 -0.22432
0.10151 -0.22469
0.10127 -0.22499
0.10107 -0.22526
0.10071 -0.22563
0.10007 -0.22641
0.099888 -0.22677
0.099633 -0.22725
0.099454 -0.22765
0.099151 -0.22806
0.098613 -0.22897
0.098248 -0.22947
0.097947 -0.22994
0.097543 -0.23043
0.09731 -0.23108
0.096657 -0.23216
0.096636 -0.23271
0.096284 -0.23331
0.095979 -0.23391
0.09583 -0.23444
0.095294 -0.23565
0.094956 -0.23633
0.094653 -0.237
0.094251 -0.23773
0.094281 -0.23836
0.093769 -0.23979
0.093655 -0.24043
0.093517 -0.24116
0.093151 -0.24184
0.093085 -0.24254
0.092702 -0.24398
0.092486 -0.24467
0.092422 -0.24542
0.092251 -0.24611
0.0921 -0.24688
0.091934 -0.24823
0.091764 -0.24895
0.091493 -0.24971
0.091506 -0.25034
0.091501 -0.25106
0.091396 -0.2524
0.091342 -0.25303
0.091241 -0.25377
0.091287 -0.25436
0.091167 -0.25507
0.091178 -0.25638
0.090955 -0.25711
0.091284 -0.25773
0.090988 -0.25841
0.091085 -0.25914
0.09086 -0.26064
0.090941 -0.26142
0.090837 -0.2622
0.09108 -0.26292
0.091004 -0.2637
0.090997 -0.26519
0.090826 -0.26601
0.090928 -0.26684
0.090875 -0.26764
0.090831 -0.26842
0.090782 -0.27007
0.090641 -0.27088
0.090813 -0.27169
0.090684 -0.27254
0.090574 -0.27327
0.090639 -0.2749
0.090538 -0.27563
0.090588 -0.27645
0.090496 -0.27718
0.090397 -0.27805
0.090278 -0.27955
0.090401 -0.28031
0.090566 -0.28099
0.090445 -0.28176
0.090589 -0.28243
0.090433 -0.28391
0.090662 -0.28458
0.090482 -0.28523
0.090576 -0.28595
0.090796 -0.28665
0.090717 -0.28805
0.090731 -0.28868
0.091065 -0.28929
0.091138 -0.29006
0.091121 -0.29073
0.091192 -0.29213
0.091295 -0.29286
0.091277 -0.29362
0.091331 -0.29426
0.091538 -0.29498
0.091548 -0.29645
0.09155 -0.2972
0.091607 -0.29789
0.091783 -0.29856
0.091882 -0.2993
0.092076 -0.30053
0.091892 -0.3013
0.092015 -0.30198
0.091944 -0.30272
0.092026 -0.30348
0.092305 -0.30484
0.092504 -0.30555
0.092677 -0.30627
0.092682 -0.30704
0.092893 -0.30769
0.093097 -0.30927
0.093161 -0.31012
0.093313 -0.31089
0.093522 -0.31171
0.093517 -0.31253
0.093676 -0.31438
0.093968 -0.31518
0.093763 -0.31604
0.093927 -0.31693
0.094219 -0.3177
0.09416 -0.31942
0.094323 -0.32021
0.094293 -0.321
0.094372 -0.32172
0.094563 -0.32241
0.094656 -0.32376
0.094435 -0.32438
0.094602 -0.325
0.094507 -0.32553
0.094549 -0.32614
0.094398 -0.32715
0.094503 -0.3276
0.094453 -0.32797
0.094393 -0.32838
0.094413 -0.3288
0.094209 -0.32954
0.094322 -0.32989
0.094214 -0.33035
0.09426 -0.33063
0.094284 -0.33094
0.094338 -0.33151
0.094416 -0.33172
0.094396 -0.332
0.094452 -0.3322
0.094596 -0.33243
0.094628 -0.33299
0.094589 -0.33327
0.094647 -0.3336
0.094709 -0.33386
0.094778 -0.33411
0.094799 -0.33463
0.095042 -0.33491
0.095081 -0.3352
0.094905 -0.33559
0.095023 -0.33597
0.095154 -0.33656
0.095009 -0.33699
0.095269 -0.33729
0.095384 -0.33759
0.095447 -0.33793
0.095582 -0.33875
0.09571 -0.33921
0.095717 -0.33968
0.095836 -0.34009
0.095919 -0.3406
0.09627 -0.34149
0.096313 -0.34197
0.096251 -0.34249
0.096667 -0.34293
0.096677 -0.34341
0.096873 -0.34441
0.09691 -0.34493
0.097048 -0.3454
0.097116 -0.34593
0.097287 -0.34639
0.097515 -0.34725
0.097557 -0.34765
0.097528 -0.34816
0.09758 -0.34856
0.097605 -0.34887
0.097642 -0.34971
0.097756 -0.34998
0.097789 -0.35037
0.097867 -0.35066
0.097928 -0.35088
0.098203 -0.35137
0.098174 -0.35172
0.098208 -0.35193
0.098436 -0.35213
0.098686 -0.35234
0.098791 -0.35285
0.099011 -0.3531
0.09913 -0.35331
0.099203 -0.35352
0.099058 -0.35386
0.099249 -0.35433
0.099316 -0.35454
0.099393 -0.3548
0.099528 -0.35499
0.099808 -0.35517
0.099806 -0.35562
0.099915 -0.35584
0.099942 -0.35602
0.10012 -0.35622
0.10009 -0.35648
0.10011 -0.35702
0.10018 -0.3572
0.1003 -0.3575
0.1004 -0.35773
0.10047 -0.35798
0.10056 -0.3584
0.10074 -0.35864
0.10083 -0.3588
0.10089 -0.35901
0.10099 -0.35916
0.10111 -0.35958
0.10112 -0.35979
0.10102 -0.36012
0.10108 -0.36032
0.10114 -0.36053
0.10123 -0.36104
0.10131 -0.36125
0.10135 -0.36142
0.10151 -0.36156
0.1017 -0.36174
0.10168 -0.36222
0.10176 -0.36242
0.10189 -0.36259
0.10211 -0.36276
0.10222 -0.36289
0.10227 -0.36323
0.10248 -0.36332
0.10271 -0.36345
0.10278 -0.36357
0.10279 -0.36368
0.10297 -0.36397
0.10305 -0.36413
0.10322 -0.36437
0.10337 -0.36455
0.10359 -0.36471
0.1041 -0.36507
0.10426 -0.36524
0.10435 -0.36555
0.10453 -0.36578
0.10475 -0.36607
0.10518 -0.36648
