0.22439 -0.23946
0.22365 -0.23897
0.22361 -0.23865
0.22326 -0.23829
0.223 -0.23799
0.22277 -0.23764
0.22225 -0.23688
0.2218 -0.23656
0.2215 -0.23627
0.22146 -0.23592
0.22126 -0.2356
0.22068 -0.23506
0.22051 -0.23484
0.22028 -0.23463
0.22018 -0.2344
0.21976 -0.23415
0.21936 -0.23379
0.21894 -0.23355
0.21884 -0.23333
0.21863 -0.23317
0.21822 -0.23301
0.21802 -0.23279
0.21785 -0.23265
0.21782 -0.2325
0.21778 -0.23229
0.21738 -0.23211
0.21697 -0.23181
0.21653 -0.23162
0.21637 -0.23144
0.2162 -0.23128
0.21588 -0.23108
0.21546 -0.23063
0.21524 -0.23046
0.21487 -0.23026
0.21456 -0.23005
0.21434 -0.22988
0.21374 -0.2295
0.21363 -0.22932
0.21331 -0.22918
0.21286 -0.22899
0.2128 -0.22879
0.21224 -0.22841
0.2121 -0.22825
0.21185 -0.22806
0.2118 -0.22788
0.21146 -0.22772
0.21105 -0.22745
0.2108 -0.22728
0.21052 -0.22708
0.2105 -0.22688
0.21026 -0.22672
0.2097 -0.22642
0.20949 -0.2263
0.20925 -0.22616
0.20891 -0.22602
0.20879 -0.22591
0.20847 -0.22559
0.20833 -0.22549
0.20784 -0.22539
0.20757 -0.22525
0.20733 -0.22519
0.20678 -0.22484
0.20659 -0.22473
0.20638 -0.22463
0.20595 -0.22451
0.20565 -0.22436
0.20516 -0.22414
0.20493 -0.22386
0.20463 -0.22374
0.20434 -0.22361
0.2039 -0.2234
0.20362 -0.22307
0.20321 -0.22293
0.20281 -0.22275
0.20252 -0.22265
0.20229 -0.22249
0.20159 -0.22211
0.20138 -0.22194
0.20108 -0.22168
0.20089 -0.22153
0.20041 -0.22152
0.1998 -0.22122
0.19963 -0.22101
0.19904 -0.22094
0.19868 -0.22077
0.19849 -0.2205
0.19764 -0.22027
0.19739 -0.22012
0.19698 -0.21998
0.1967 -0.21979
0.1965 -0.21964
0.19569 -0.21936
0.19545 -0.21924
0.19523 -0.21907
0.1949 -0.21891
0.19474 -0.21881
0.19397 -0.21854
0.19373 -0.2184
0.19329 -0.21835
0.19309 -0.21827
0.19269 -0.21815
0.1921 -0.21799
0.1918 -0.21782
0.19152 -0.21777
0.19129 -0.21774
0.19103 -0.21762
0.19023 -0.21742
0.19005 -0.21729
0.18955 -0.21712
0.18917 -0.21705
0.18887 -0.21698
0.18799 -0.21684
0.18784 -0.2168
0.1874 -0.21674
0.18689 -0.21662
0.18656 -0.21653
0.18588 -0.21629
0.18559 -0.21625
0.18537 -0.21626
0.18501 -0.21621
0.18464 -0.21613
0.18407 -0.21596
0.18386 -0.21589
0.18334 -0.2158
0.18306 -0.21575
0.18303 -0.21565
0.18229 -0.21545
0.18213 -0.21539
0.18161 -0.21535
0.1811 -0.21525
0.18095 -0.21516
0.18042 -0.21505
0.18021 -0.215
0.17981 -0.21496
0.17963 -0.2149
0.17913 -0.21482
0.17828 -0.21473
0.17793 -0.2147
0.17769 -0.21469
0.17728 -0.21457
0.17693 -0.21455
0.17591 -0.21445
0.17554 -0.2144
0.17539 -0.21429
0.175 -0.21428
0.1744 -0.21414
0.1737 -0.21405
0.17319 -0.21396
0.17276 -0.21396
0.17258 -0.21395
0.17233 -0.21392
0.17146 -0.21387
0.17119 -0.21384
0.17087 -0.21381
0.17049 -0.21375
0.17006 -0.21378
0.16945 -0.21374
0.16877 -0.21364
0.16846 -0.21366
0.16818 -0.21368
0.16756 -0.21367
0.1668 -0.21361
0.16637 -0.21361
0.16587 -0.21359
0.16532 -0.21359
0.16495 -0.21358
0.16392 -0.21354
0.16355 -0.21354
0.16279 -0.2135
0.16235 -0.21355
0.16195 -0.21354
0.16088 -0.21349
0.1605 -0.21344
0.15985 -0.21339
0.15944 -0.21341
0.15899 -0.21347
0.15789 -0.21349
0.15755 -0.21352
0.15716 -0.21352
0.15659 -0.21349
0.15615 -0.21356
0.15516 -0.21355
0.15487 -0.21356
0.15445 -0.21362
0.15413 -0.21364
0.15344 -0.21365
0.15273 -0.21375
0.15246 -0.21372
0.1521 -0.21374
0.1515 -0.21377
0.15109 -0.21381
0.15047 -0.21396
0.14984 -0.214
0.14957 -0.21401
0.14908 -0.21407
0.14882 -0.21412
0.14771 -0.21426
0.14725 -0.21426
0.1469 -0.21432
0.14662 -0.21439
0.14605 -0.21444
0.1451 -0.21457
0.14467 -0.21468
0.14402 -0.21477
0.14337 -0.21487
0.14295 -0.21501
0.14203 -0.21511
0.1414 -0.21521
0.14104 -0.21527
0.14056 -0.21544
0.14003 -0.21547
0.13902 -0.21558
0.13858 -0.21571
0.13782 -0.21582
0.13743 -0.2159
0.1369 -0.21596
0.13577 -0.21617
0.13525 -0.21626
0.13487 -0.21633
0.1344 -0.21638
0.13368 -0.2165
0.13277 -0.21679
0.13204 -0.21698
0.13163 -0.21706
0.13113 -0.2172
0.13058 -0.21735
0.12952 -0.21757
0.12906 -0.21772
0.12828 -0.21791
0.12776 -0.21812
0.12742 -0.21826
0.12625 -0.21864
0.12592 -0.2188
0.12516 -0.21898
0.12461 -0.21919
0.12406 -0.21939
0.12297 -0.21977
0.12234 -0.21997
0.12193 -0.22018
0.12143 -0.22037
0.12084 -0.22062
0.12 -0.22096
0.11942 -0.22121
0.11894 -0.22136
0.1187 -0.2216
0.11808 -0.22184
0.1173 -0.22224
0.11694 -0.2225
0.11657 -0.22271
0.11617 -0.22293
0.11574 -0.22317
0.11507 -0.22355
0.1146 -0.22383
0.11429 -0.2241
0.11391 -0.22435
0.11346 -0.22462
0.11273 -0.22513
0.1124 -0.22534
0.11195 -0.22564
0.11151 -0.22592
0.11106 -0.22622
0.11029 -0.22675
0.10977 -0.22703
0.10936 -0.22732
0.1089 -0.22764
0.10852 -0.22789
0.10762 -0.22848
0.10709 -0.2288
0.10667 -0.22912
0.10629 -0.22937
0.10576 -0.22968
0.10485 -0.23039
0.10449 -0.23066
0.10397 -0.23112
0.10351 -0.23142
0.10292 -0.23179
0.10194 -0.23243
0.10156 -0.23274
0.10103 -0.23311
0.10059 -0.23353
0.10015 -0.23391
0.09923 -0.23466
0.098639 -0.23511
0.098254 -0.23539
0.097762 -0.23576
0.097299 -0.23609
0.096316 -0.2369
0.095764 -0.23736
0.095392 -0.23773
0.095004 -0.23822
0.094713 -0.23859
0.093923 -0.23947
0.093303 -0.23992
0.092877 -0.24039
0.092594 -0.24086
0.092122 -0.24132
0.091511 -0.2423
0.091056 -0.24279
0.09054 -0.24328
0.090316 -0.24371
0.089732 -0.24417
0.089222 -0.24512
0.088788 -0.24555
0.0885 -0.24596
0.088174 -0.24644
0.087761 -0.24686
0.087294 -0.24779
0.08686 -0.24829
0.086492 -0.24876
0.086152 -0.24925
0.085726 -0.2497
0.085234 -0.25068
0.084805 -0.25116
0.084485 -0.25169
0.084201 -0.25212
0.083937 -0.25263
0.083406 -0.25361
0.083108 -0.25409
0.08292 -0.2546
0.082788 -0.25509
0.082334 -0.25556
0.082074 -0.25653
0.081845 -0.25692
0.081532 -0.25744
0.081489 -0.25786
0.081385 -0.25836
0.080894 -0.25931
0.080545 -0.25984
0.080451 -0.26026
0.080226 -0.26073
0.079983 -0.26116
0.079574 -0.26211
0.079376 -0.26257
0.079228 -0.26299
0.079042 -0.26348
0.078885 -0.26385
0.078772 -0.26479
0.078546 -0.26528
0.078289 -0.26573
0.078341 -0.26626
0.078203 -0.26671
0.077752 -0.26771
0.077457 -0.26821
0.077439 -0.2687
0.077221 -0.26924
0.077172 -0.26972
0.076933 -0.27079
0.076878 -0.27137
0.076635 -0.2719
0.076449 -0.27241
0.076162 -0.273
0.075847 -0.27405
0.0756 -0.27461
0.075569 -0.27513
0.075401 -0.27572
0.075151 -0.2762
0.075063 -0.27727
0.074856 -0.27782
0.074647 -0.27831
0.074656 -0.27887
0.074485 -0.27936
0.074242 -0.28037
0.074082 -0.28095
0.073899 -0.28145
0.073836 -0.282
0.07367 -0.28248
0.073736 -0.28341
0.073613 -0.28386
0.073453 -0.28434
0.073364 -0.28483
0.073316 -0.28532
0.073015 -0.28623
0.073034 -0.28677
0.072979 -0.28716
0.07281 -0.28762
0.072725 -0.28802
0.072575 -0.28894
0.072587 -0.28935
0.072564 -0.28985
0.072277 -0.29033
0.072271 -0.29081
0.072161 -0.29177
0.072026 -0.29225
0.072011 -0.29273
0.07198 -0.29324
0.071806 -0.29368
0.071884 -0.29461
0.071761 -0.29508
0.071821 -0.29566
0.071691 -0.29612
0.071637 -0.29668
0.071633 -0.29769
0.071564 -0.29816
0.071603 -0.29866
0.071569 -0.29919
0.071582 -0.29972
0.071622 -0.30065
0.071647 -0.30125
0.071667 -0.30169
0.071746 -0.30229
0.071736 -0.30272
0.071646 -0.30382
0.071664 -0.30434
0.071635 -0.30485
0.071721 -0.30535
0.071724 -0.30582
0.0719 -0.30678
0.071939 -0.30726
0.071926 -0.30779
0.071825 -0.30826
0.072068 -0.30873
0.072257 -0.30961
0.072301 -0.31005
0.072315 -0.31046
0.07237 -0.311
0.072425 -0.31138
0.072494 -0.31232
0.072635 -0.31266
0.07282 -0.31305
0.07262 -0.31351
0.072928 -0.31384
0.07306 -0.31471
0.073285 -0.31507
0.073268 -0.31553
0.073387 -0.31591
0.073448 -0.31632
0.073686 -0.31709
0.073881 -0.31751
0.073918 -0.3179
0.074161 -0.31823
0.074344 -0.3186
0.074419 -0.31944
0.07455 -0.31981
0.074413 -0.32023
0.074841 -0.32057
0.074941 -0.32095
0.075059 -0.32186
0.075278 -0.32224
0.07543 -0.32268
0.075635 -0.32309
0.075927 -0.32349
0.076114 -0.32443
0.076215 -0.3249
0.07641 -0.32537
0.076676 -0.32584
0.076762 -0.32635
0.077102 -0.32737
0.077443 -0.32788
0.077548 -0.32843
0.077826 -0.32896
0.078211 -0.32946
0.078554 -0.33058
0.081605 -0.33793
0.081843 -0.33857
0.08222 -0.33904
0.082751 -0.34025
0.083056 -0.34078
0.08334 -0.34132
0.083544 -0.34191
0.083866 -0.34246
0.084477 -0.3435
0.084781 -0.34408
0.085034 -0.34459
0.085434 -0.3451
0.085749 -0.34557
0.086472 -0.34653
0.086568 -0.34709
0.086939 -0.34758
0.087238 -0.34797
0.087645 -0.34842
0.088038 -0.34931
0.088281 -0.34967
0.088711 -0.35002
0.088866 -0.35042
0.089162 -0.3508
0.089824 -0.35147
0.089937 -0.35182
0.09025 -0.35214
0.09049 -0.3525
0.090726 -0.3528
0.091361 -0.3534
0.091745 -0.35373
0.091895 -0.35409
0.092358 -0.3544
0.092599 -0.35469
0.093068 -0.35548
0.093397 -0.35582
0.093857 -0.35611
0.094104 -0.35651
0.09441 -0.35696
0.095335 -0.35766
0.095697 -0.35807
0.095884 -0.35856
0.09641 -0.35892
0.096809 -0.35932
0.097418 -0.36028
0.098013 -0.36071
0.098397 -0.36113
0.098678 -0.36165
0.099288 -0.36204
0.10004 -0.36296
0.1006 -0.36338
0.10086 -0.36382
0.10138 -0.36425
0.10181 -0.36466
0.10262 -0.36559
0.10304 -0.36595
0.10354 -0.36634
0.10389 -0.36678
0.10429 -0.3672
0.10531 -0.36795
0.10568 -0.36841
0.10605 -0.3688
0.10662 -0.36918
0.10704 -0.3696
0.10801 -0.37029
0.10841 -0.37066
0.10886 -0.37104
0.10919 -0.37137
0.10977 -0.37168
0.11072 -0.37228
0.11104 -0.37256
0.11153 -0.37291
0.11179 -0.37321
0.11235 -0.37352
0.11328 -0.37406
0.11371 -0.37433
0.11417 -0.37459
0.11443 -0.37483
0.11498 -0.37511
0.11578 -0.37569
0.11607 -0.37595
0.11664 -0.37623
0.11696 -0.37644
0.11755 -0.37672
0.11847 -0.37724
0.11868 -0.37752
0.1192 -0.37776
0.11952 -0.37802
0.12009 -0.37826
0.12097 -0.37867
0.1212 -0.37886
0.12155 -0.37903
0.12203 -0.37917
0.1223 -0.3793
0.12306 -0.37962
0.1233 -0.37978
0.12365 -0.37991
0.12401 -0.38006
0.12427 -0.38019
0.12501 -0.38057
0.12549 -0.38076
0.1259 -0.38094
0.12623 -0.38112
0.12682 -0.3813
0.12761 -0.38161
0.12795 -0.38179
0.12823 -0.38198
0.12884 -0.38217
0.12915 -0.38236
0.1301 -0.38274
0.13046 -0.38293
0.13102 -0.38309
0.13138 -0.38323
0.13197 -0.38339
0.13281 -0.38367
0.13336 -0.38379
0.13369 -0.38392
0.13419 -0.38411
0.13445 -0.38424
0.13515 -0.38449
0.13547 -0.3846
0.13571 -0.3847
0.13603 -0.38481
0.13642 -0.38492
0.13706 -0.38509
0.13739 -0.38517
0.13757 -0.38529
0.13774 -0.38539
0.13792 -0.38553
0.13823 -0.38569
0.1385 -0.38576
0.13861 -0.38581
0.13871 -0.38585
0.13879 -0.38594
0.13904 -0.38597
0.13911 -0.386
0.13912 -0.386
0.13932 -0.386
0.13957 -0.386
0.1399 -0.386
0.14033 -0.38595
0.1405 -0.38597
0.14079 -0.38605
0.1411 -0.3862
0.14186 -0.38641
0.1423 -0.38652
0.14271 -0.38662
0.14299 -0.38677
0.14342 -0.38681
0.14427 -0.38691
0.14475 -0.38694
0.14518 -0.38701
0.1456 -0.38704
0.14599 -0.38707
0.14678 -0.38705
0.14695 -0.38707
0.14742 -0.38708
0.14775 -0.38706
0.14803 -0.38708
0.14844 -0.38713
0.14868 -0.38716
0.1488 -0.38719
0.14884 -0.38725
0.14892 -0.38727
0.1492 -0.38724
0.14935 -0.38719
0.14946 -0.38716
0.14955 -0.38715
0.14971 -0.38713
0.14988 -0.38711
0.15005 -0.38704
0.15011 -0.38702
0.15025 -0.38699
0.15034 -0.38697
0.15051 -0.38694
0.15062 -0.38691
0.15072 -0.38688
0.15088 -0.38679
0.15096 -0.38669
0.1512 -0.38657
0.15133 -0.38655
0.15146 -0.38656
0.15186 -0.38656
0.15198 -0.38658
0.15217 -0.38663
0.15224 -0.38663
0.1523 -0.38664
0.15232 -0.38666
0.15236 -0.38666
0.1524 -0.38663
0.15243 -0.38657
0.15251 -0.38648
0.15258 -0.3864
0.15274 -0.38629
0.15295 -0.38621
0.15299 -0.3862
0.15303 -0.38618
0.15305 -0.38614
