-0.78 -0.2 0 -0
-0.78 -0.2 0 -0
-0.780031 -0.200006 0 -0
-0.780091 -0.200019 0 -0
-0.780182 -0.200037 0 -0
-0.780301 -0.200061 0 -0
-0.78045 -0.200091 0 -0
-0.780627 -0.200126 0 -0
-0.780831 -0.200166 0 -0
-0.781062 -0.200211 0 -0
-0.781319 -0.200259 0 -0
-0.781601 -0.200311 0 -0
-0.781906 -0.200366 0 -0
-0.782235 -0.200423 0 -0
-0.782585 -0.200481 0 -0
-0.782955 -0.20054 0 -0
-0.783342 -0.2006 0 -0
-0.783746 -0.200658 0 -0
-0.784165 -0.200716 0 -0
-0.784595 -0.200772 0 -0
-0.785034 -0.200826 0 -0
-0.785481 -0.200878 0 -0
-0.785933 -0.200928 0 -0
-0.786387 -0.200977 0 -0
-0.786842 -0.201025 0 -0
-0.787296 -0.201073 0 -0
-0.787747 -0.201123 0 -0
-0.788196 -0.201174 0 -0
-0.78864 -0.201228 0 -0
-0.789082 -0.201285 0 -0
-0.789521 -0.201347 0 -0
-0.789958 -0.201412 0 -0
-0.790394 -0.201483 0 -0
-0.790831 -0.201557 0 -0
-0.79127 -0.201637 0 -0
-0.791712 -0.20172 0 -0
-0.792158 -0.201808 0 -0
-0.792609 -0.201899 0 -0
-0.793067 -0.201994 0 -0
-0.79353 -0.202092 0 -0
-0.793999 -0.202192 0 -0
-0.794474 -0.202296 0 -0
-0.794955 -0.202402 0 -0
-0.79544 -0.20251 0 -0
-0.795929 -0.20262 0 -0
-0.796421 -0.202733 0 -0
-0.796915 -0.202847 0 -0
-0.79741 -0.202963 0 -0
-0.797905 -0.20308 0 -0
-0.798399 -0.203198 0 -0
-0.79889 -0.203318 0 -0
-0.799378 -0.203438 0 -0
-0.799862 -0.203558 0 -0
-0.80034 -0.203678 0 -0
-0.800813 -0.203798 0 -0
-0.80128 -0.203917 0 -0
-0.801739 -0.204035 0 -0
-0.802191 -0.204151 0 -0
-0.802634 -0.204265 0 -0
-0.803069 -0.204377 0 -0
-0.803495 -0.204487 0 -0
-0.803912 -0.204594 0 -0
-0.804319 -0.204698 0 -0
-0.804718 -0.204799 0 -0
-0.805107 -0.204897 0 -0
-0.805486 -0.204991 0 -0
-0.805857 -0.205082 0 -0
-0.80622 -0.205171 0 -0
-0.806575 -0.205256 0 -0
-0.806922 -0.205339 0 -0
-0.807263 -0.205419 0 -0
-0.807597 -0.205497 0 -0
-0.807926 -0.205574 0 -0
-0.808251 -0.205648 0 -0
-0.808573 -0.205722 0 -0
-0.808892 -0.205795 0 -0
-0.809209 -0.205868 0 -0
-0.809525 -0.205942 0 -0
-0.809841 -0.206015 0 -0
-0.810159 -0.20609 0 -0
-0.810478 -0.206166 0 -0
-0.8108 -0.206244 0 -0
-0.811125 -0.206324 0 -0
-0.811454 -0.206407 0 -0
-0.811787 -0.206492 0 -0
-0.812125 -0.20658 0 -0
-0.812467 -0.206671 0 -0
-0.812816 -0.206765 0 -0
-0.81317 -0.206863 0 -0
-0.813529 -0.206964 0 -0
-0.813895 -0.207069 0 -0
-0.814266 -0.207177 0 -0
-0.814643 -0.207289 0 -0
-0.815026 -0.207404 0 -0
-0.815414 -0.207523 0 -0
-0.815808 -0.207646 0 -0
-0.816207 -0.207772 0 -0
-0.816611 -0.207901 0 -0
-0.81702 -0.208035 0 -0
-0.817432 -0.208171 0 -0
-0.81785 -0.208311 0 -0
-0.81827 -0.208454 0 -0
-0.818695 -0.2086 0 -0
-0.819122 -0.208749 0 -0
-0.819552 -0.208902 0 -0
-0.819985 -0.209057 0 -0
-0.82042 -0.209215 0 -0
-0.820856 -0.209376 0 -0
-0.821295 -0.209539 0 -0
-0.821734 -0.209706 0 -0
-0.822175 -0.209874 0 -0
-0.822617 -0.210045 0 -0
-0.823059 -0.210219 0 -0
-0.823502 -0.210395 0 -0
-0.823945 -0.210573 0 -0
-0.824389 -0.210754 0 -0
-0.824833 -0.210936 0 -0
-0.825276 -0.211121 0 -0
-0.82572 -0.211308 0 -0
-0.826163 -0.211497 0 -0
-0.826606 -0.211688 0 -0
-0.827049 -0.211881 0 -0
-0.827492 -0.212075 0 -0
-0.827934 -0.212271 0 -0
-0.828375 -0.212469 0 -0
-0.828816 -0.212668 0 -0
-0.829256 -0.212869 0 -0
-0.829695 -0.213071 0 -0
-0.830134 -0.213275 0 -0
-0.830571 -0.213479 0 -0
-0.831008 -0.213684 0 -0
-0.831444 -0.21389 0 -0
-0.831878 -0.214097 0 -0
-0.832312 -0.214304 0 -0
-0.832744 -0.214512 0 -0
-0.833175 -0.21472 0 -0
-0.833604 -0.214927 0 -0
-0.834032 -0.215134 0 -0
-0.834459 -0.215341 0 -0
-0.834883 -0.215547 0 -0
-0.835306 -0.215753 0 -0
-0.835727 -0.215957 0 -0
-0.836146 -0.21616 0 -0
-0.836564 -0.216361 0 -0
-0.836979 -0.216562 0 -0
-0.837392 -0.21676 0 -0
-0.837803 -0.216957 0 -0
-0.838212 -0.217152 0 -0
-0.838618 -0.217345 0 -0
-0.839022 -0.217536 0 -0
-0.839424 -0.217725 0 -0
-0.839824 -0.217912 0 -0
-0.840222 -0.218096 0 -0
-0.840617 -0.218279 0 -0
-0.84101 -0.21846 0 -0
-0.8414 -0.218638 0 -0
-0.841788 -0.218814 0 -0
-0.842174 -0.218989 0 -0
-0.842558 -0.219161 0 -0
-0.842939 -0.219331 0 -0
-0.843318 -0.219499 0 -0
-0.843695 -0.219666 0 -0
-0.84407 -0.21983 0 -0
-0.844443 -0.219992 0 -0
-0.844814 -0.220153 0 -0
-0.845182 -0.220312 0 -0
-0.845549 -0.22047 0 -0
-0.845914 -0.220626 0 -0
-0.846277 -0.22078 0 -0
-0.846638 -0.220933 0 -0
-0.846998 -0.221085 0 -0
-0.847356 -0.221236 0 -0
-0.847713 -0.221386 0 -0
-0.848069 -0.221536 0 -0
-0.848423 -0.221684 0 -0
-0.848777 -0.221833 0 -0
-0.84913 -0.221981 0 -0
-0.849483 -0.222129 0 -0
-0.849836 -0.222278 0 -0
-0.850189 -0.222427 0 -0
-0.850543 -0.222578 0 -0
-0.850897 -0.222729 0 -0
-0.851252 -0.222883 0 -0
-0.851609 -0.223038 0 -0
-0.851968 -0.223196 0 -0
-0.85233 -0.223356 0 -0
-0.852694 -0.22352 0 -0
-0.853061 -0.223687 0 -0
-0.853432 -0.223859 0 -0
-0.853807 -0.224034 0 -0
-0.854186 -0.224215 0 -0
-0.85457 -0.2244 0 -0
-0.854959 -0.224591 0 -0
-0.855353 -0.224788 0 -0
-0.855752 -0.22499 0 -0
-0.856158 -0.225199 0 -0
-0.856569 -0.225414 0 -0
-0.856986 -0.225636 0 -0
-0.85741 -0.225864 0 -0
-0.85784 -0.226098 0 -0
-0.858276 -0.22634 0 -0
-0.858719 -0.226589 0 -0
-0.859168 -0.226844 0 -0
-0.859624 -0.227107 0 -0
-0.860086 -0.227376 0 -0
-0.860555 -0.227652 0 -0
-0.86103 -0.227936 0 -0
-0.861511 -0.228226 0 -0
-0.861999 -0.228523 0 -0
-0.862493 -0.228827 0 -0
-0.862993 -0.229138 0 -0
-0.863499 -0.229455 0 -0
-0.864011 -0.229779 0 -0
-0.86453 -0.23011 0 -0
-0.865054 -0.230448 0 -0
-0.865584 -0.230792 0 -0
-0.866119 -0.231142 0 -0
-0.866661 -0.231499 0 -0
-0.867207 -0.231862 0 -0
-0.867759 -0.232231 0 -0
-0.868317 -0.232607 0 -0
-0.86888 -0.232988 0 -0
-0.869448 -0.233376 0 -0
-0.870021 -0.23377 0 -0
-0.870598 -0.234169 0 -0
-0.871181 -0.234574 0 -0
-0.871768 -0.234985 0 -0
-0.872361 -0.235402 0 -0
-0.872957 -0.235824 0 -0
-0.873558 -0.236251 0 -0
-0.874163 -0.236684 0 -0
-0.874772 -0.237122 0 -0
-0.875386 -0.237565 0 -0
-0.876003 -0.238013 0 -0
-0.876624 -0.238466 0 -0
-0.877248 -0.238924 0 -0
-0.877876 -0.239387 0 -0
-0.878507 -0.239854 0 -0
-0.879141 -0.240325 0 -0
-0.879778 -0.240801 0 -0
-0.880418 -0.24128 0 -0
-0.881059 -0.241764 0 -0
-0.881703 -0.242251 0 -0
-0.882349 -0.242741 0.0284311 -0.00653182
-0.882996 -0.243235 0.247265 -0.0567842
-0.883645 -0.243731 0.472239 -0.108405
-0.884294 -0.24423 0.703388 -0.161398
-0.884944 -0.244732 0.940729 -0.215767
-0.885593 -0.245235 1.18426 -0.271509
-0.886243 -0.24574 1.43397 -0.328616
-0.886891 -0.246247 1.68981 -0.387078
-0.887539 -0.246755 1.95174 -0.446878
-0.888185 -0.247263 2.21966 -0.507998
-0.888829 -0.247772 2.4935 -0.570413
-0.88947 -0.248281 2.77313 -0.634096
-0.890108 -0.248789 3.05844 -0.699017
-0.890744 -0.249297 3.3493 -0.765142
-0.891375 -0.249804 3.64555 -0.832438
-0.892003 -0.25031 3.94704 -0.900866
-0.892626 -0.250814 4.25363 -0.970391
-0.893244 -0.251317 4.56515 -1.04097
-0.893858 -0.251818 4.88143 -1.11257
-0.894466 -0.252317 5.20232 -1.18515
-0.895069 -0.252813 5.52765 -1.25868
-0.895666 -0.253308 5.85727 -1.33311
-0.896258 -0.253799 6.19102 -1.4084
-0.896844 -0.254288 6.52874 -1.48453
-0.897424 -0.254775 6.87027 -1.56146
-0.897998 -0.255258 7.21548 -1.63914
-0.898566 -0.255739 7.56421 -1.71755
-0.899127 -0.256217 7.91631 -1.79666
-0.899683 -0.256692 8.27163 -1.87642
-0.900232 -0.257164 8.63004 -1.9568
-0.900775 -0.257633 8.99138 -2.03778
-0.901311 -0.258099 9.35552 -2.11931
-0.901842 -0.258562 9.7223 -2.20137
-0.902366 -0.259022 10.0916 -2.28392
-0.902884 -0.259479 10.4633 -2.36693
-0.903395 -0.259933 10.8371 -2.45037
-0.903901 -0.260385 11.2131 -2.5342
-0.9044 -0.260833 11.5909 -2.6184
-0.904893 -0.261278 11.9706 -2.70292
-0.90538 -0.26172 12.3519 -2.78774
-0.905861 -0.26216 12.7347 -2.87282
-0.906335 -0.262596 13.1188 -2.95812
-0.906804 -0.26303 13.5041 -3.04362
-0.907266 -0.26346 13.8904 -3.12929
-0.907722 -0.263888 14.2776 -3.21507
-0.908173 -0.264313 14.6655 -3.30096
-0.908617 -0.264735 15.054 -3.3869
-0.909056 -0.265155 15.443 -3.47286
-0.909488 -0.265571 15.8321 -3.55882
-0.909915 -0.265985 16.2214 -3.64473
-0.910336 -0.266396 16.6107 -3.73056
-0.910751 -0.266805 16.9997 -3.81628
-0.91116 -0.26721 17.3884 -3.90185
-0.911564 -0.267613 17.7765 -3.98724
-0.911961 -0.268014 18.1639 -4.07242
-0.912353 -0.268411 18.5505 -4.15734
-0.91274 -0.268806 18.9361 -4.24198
-0.913121 -0.269199 19.3206 -4.32629
-0.913496 -0.269589 19.7037 -4.41026
-0.913866 -0.269976 20.0853 -4.49383
-0.91423 -0.270361 20.4653 -4.57698
-0.914589 -0.270743 20.8435 -4.65968
-0.914942 -0.271123 21.2198 -4.74189
-0.91529 -0.2715 21.594 -4.82358
-0.915633 -0.271875 21.9659 -4.90471
-0.91597 -0.272247 22.3353 -4.98526
-0.916302 -0.272617 22.7023 -5.06518
-0.916628 -0.272985 23.0665 -5.14446
-0.91695 -0.27335 23.4278 -5.22306
-0.917266 -0.273713 23.7862 -5.30094
-0.917577 -0.274073 24.1414 -5.37808
-0.917883 -0.274432 24.4933 -5.45445
-0.918183 -0.274787 24.8418 -5.53002
-0.918479 -0.275141 25.1868 -5.60475
-0.91877 -0.275492 25.528 -5.67863
-0.919055 -0.275842 25.8655 -5.75163
-0.919336 -0.276188 26.1989 -5.82372
-0.919612 -0.276533 26.5283 -5.89488
-0.919883 -0.276876 26.8536 -5.96507
-0.920149 -0.277216 27.1745 -6.03429
-0.92041 -0.277554 27.4911 -6.1025
-0.920667 -0.277891 27.8031 -6.16969
-0.920919 -0.278225 28.1105 -6.23584
-0.921166 -0.278557 28.4133 -6.30093
-0.921409 -0.278887 28.7113 -6.36494
-0.921647 -0.279215 29.0045 -6.42786
-0.92188 -0.279542 29.2928 -6.48969
-0.922109 -0.279866 29.5762 -6.5504
-0.922334 -0.280189 29.8546 -6.61
-0.922555 -0.28051 30.128 -6.66847
-0.922771 -0.280829 30.3964 -6.72582
-0.922983 -0.281146 30.6597 -6.78205
-0.923192 -0.281462 30.918 -6.83715
-0.923396 -0.281777 31.1714 -6.89114
-0.923596 -0.28209 31.4198 -6.94402
-0.923793 -0.282401 31.6632 -6.99581
-0.923986 -0.282711 31.9018 -7.04652
-0.924175 -0.28302 32.1357 -7.09616
-0.924361 -0.283328 32.3649 -7.14475
-0.924544 -0.283634 32.5894 -7.19232
-0.924724 -0.28394 32.8095 -7.23888
-0.9249 -0.284244 33.0251 -7.28446
-0.925074 -0.284548 33.2364 -7.32907
-0.925244 -0.284851 33.4435 -7.37275
-0.925412 -0.285153 33.6465 -7.41551
-0.925577 -0.285455 33.8455 -7.45736
-0.92574 -0.285756 34.0405 -7.49834
-0.9259 -0.286056 34.2316 -7.53845
-0.926058 -0.286356 34.419 -7.57771
-0.926213 -0.286655 34.6026 -7.61614
-0.926366 -0.286954 34.7825 -7.65375
-0.926517 -0.287253 34.9588 -7.69053
-0.926665 -0.287551 35.1315 -7.72652
-0.926811 -0.287849 35.3005 -7.7617
-0.926956 -0.288147 35.4661 -7.79609
-0.927098 -0.288444 35.6281 -7.82969
-0.927238 -0.288741 35.7866 -7.8625
-0.927376 -0.289038 35.9415 -7.89452
-0.927512 -0.289334 36.0929 -7.92576
-0.927646 -0.289631 36.2408 -7.95621
-0.927778 -0.289927 36.3852 -7.98588
-0.927908 -0.290223 36.526 -8.01476
-0.928036 -0.290518 36.6633 -8.04285
-0.928163 -0.290814 36.7971 -8.07015
-0.928287 -0.291109 36.9273 -8.09666
-0.928409 -0.291404 37.0539 -8.12237
-0.92853 -0.291699 37.1769 -8.14729
-0.928649 -0.291994 37.2963 -8.17141
-0.928765 -0.292288 37.4121 -8.19474
-0.92888 -0.292582 37.5243 -8.21725
-0.928993 -0.292876 37.6329 -8.23897
-0.929104 -0.29317 37.7378 -8.25988
-0.929214 -0.293463 37.839 -8.27998
-0.929321 -0.293756 37.9366 -8.29927
-0.929427 -0.294049 38.0305 -8.31775
-0.929531 -0.294342 38.1207 -8.33541
-0.929633 -0.294635 38.2072 -8.35226
-0.929733 -0.294927 38.29 -8.3683
-0.929831 -0.295219 38.369 -8.38351
-0.929928 -0.295511 38.4444 -8.39791
-0.930022 -0.295803 38.516 -8.4115
-0.930115 -0.296094 38.5839 -8.42426
-0.930206 -0.296385 38.6481 -8.43621
-0.930296 -0.296676 38.7086 -8.44733
-0.930383 -0.296966 38.7652 -8.45764
-0.930469 -0.297257 38.8182 -8.46713
-0.930553 -0.297547 38.8674 -8.4758
-0.930635 -0.297837 38.9129 -8.48366
-0.930716 -0.298126 38.9546 -8.4907
-0.930794 -0.298415 38.9926 -8.49692
-0.930871 -0.298704 39.0269 -8.50233
-0.930947 -0.298993 39.0575 -8.50694
-0.93102 -0.299281 39.0843 -8.51073
-0.931092 -0.299569 39.1074 -8.51371
-0.931162 -0.299857 39.1268 -8.51589
-0.93123 -0.300145 39.1426 -8.51727
-0.931297 -0.300432 39.1546 -8.51784
-0.931362 -0.300719 39.1629 -8.51762
-0.931425 -0.301006 39.1676 -8.5166
-0.931486 -0.301292 39.1687 -8.51479
-0.931546 -0.301578 39.1661 -8.5122
-0.931604 -0.301864 39.1598 -8.50882
-0.93166 -0.302149 39.15 -8.50466
-0.931715 -0.302434 39.1365 -8.49972
-0.931768 -0.302719 39.1195 -8.49401
-0.93182 -0.303003 39.0989 -8.48753
-0.931869 -0.303287 39.0748 -8.48029
-0.931917 -0.303571 39.0471 -8.47228
-0.931964 -0.303855 39.0159 -8.46353
-0.932008 -0.304138 38.9813 -8.45402
-0.932052 -0.30442 38.9432 -8.44377
-0.932093 -0.304703 38.9016 -8.43278
-0.932133 -0.304985 38.8566 -8.42105
-0.932171 -0.305267 38.8082 -8.4086
-0.932208 -0.305548 38.7565 -8.39543
-0.932243 -0.305829 38.7013 -8.38153
-0.932276 -0.30611 38.6429 -8.36693
-0.932308 -0.30639 38.5811 -8.35162
-0.932338 -0.30667 38.5161 -8.33561
-0.932367 -0.30695 38.4479 -8.31891
-0.932394 -0.307229 38.3764 -8.30152
-0.93242 -0.307508 38.3017 -8.28345
-0.932444 -0.307786 38.2238 -8.26471
-0.932466 -0.308065 38.1429 -8.2453
-0.932487 -0.308342 38.0588 -8.22523
-0.932506 -0.30862 37.9716 -8.20451
-0.932524 -0.308897 37.8814 -8.18314
-0.93254 -0.309174 37.7882 -8.16113
-0.932555 -0.30945 37.6919 -8.13849
-0.932568 -0.309726 37.5928 -8.11523
-0.932579 -0.310001 37.4907 -8.09134
-0.93259 -0.310276 37.3856 -8.06684
-0.932598 -0.310551 37.2778 -8.04174
-0.932605 -0.310825 37.1671 -8.01604
-0.932611 -0.311099 37.0536 -7.98975
-0.932615 -0.311373 36.9373 -7.96288
-0.932617 -0.311646 36.8182 -7.93543
-0.932618 -0.311919 36.6965 -7.9074
-0.932618 -0.312191 36.572 -7.87882
-0.932616 -0.312463 36.4449 -7.84967
-0.932613 -0.312735 36.3151 -7.81997
-0.932608 -0.313006 36.1827 -7.78972
-0.932601 -0.313277 36.0478 -7.75893
-0.932593 -0.313547 35.9102 -7.7276
-0.932584 -0.313817 35.7701 -7.69573
-0.932573 -0.314087 35.6274 -7.66334
-0.932561 -0.314356 35.4822 -7.63042
-0.932547 -0.314625 35.3344 -7.59696
-0.932531 -0.314894 35.1841 -7.56299
-0.932514 -0.315162 35.0313 -7.52848
-0.932496 -0.31543 34.8759 -7.49345
-0.932476 -0.315698 34.718 -7.4579
-0.932454 -0.315965 34.5575 -7.4218
-0.93243 -0.316232 34.3944 -7.38517
-0.932405 -0.316499 34.2287 -7.348
-0.932379 -0.316765 34.0603 -7.31028
-0.93235 -0.317031 33.8892 -7.27199
-0.93232 -0.317297 33.7153 -7.23314
-0.932288 -0.317563 33.5387 -7.1937
-0.932255 -0.317829 33.3591 -7.15368
-0.932219 -0.318094 33.1766 -7.11305
-0.932181 -0.318359 32.9912 -7.0718
-0.932142 -0.318625 32.8027 -7.02993
-0.9321 -0.31889 32.6111 -6.98742
-0.932057 -0.319155 32.4163 -6.94426
-0.932011 -0.31942 32.2184 -6.90045
-0.931963 -0.319686 32.0172 -6.85597
-0.931913 -0.319951 31.8128 -6.81082
-0.931861 -0.320216 31.6051 -6.765
-0.931806 -0.320482 31.3942 -6.7185
-0.93175 -0.320748 31.1799 -6.67134
-0.931691 -0.321013 30.9624 -6.6235
-0.931629 -0.321279 30.7417 -6.57501
-0.931566 -0.321545 30.5178 -6.52586
-0.9315 -0.321811 30.2908 -6.47607
-0.931432 -0.322078 30.0607 -6.42565
-0.931361 -0.322344 29.8275 -6.37461
-0.931288 -0.322611 29.5914 -6.32297
-0.931213 -0.322878 29.3524 -6.27074
-0.931135 -0.323145 29.1106 -6.21795
-0.931055 -0.323412 28.8661 -6.1646
-0.930973 -0.323679 28.619 -6.11072
-0.930889 -0.323946 28.3693 -6.05632
-0.930802 -0.324214 28.1172 -6.00143
-0.930713 -0.324482 27.8627 -5.94607
-0.930621 -0.32475 27.606 -5.89025
-0.930528 -0.325018 27.3471 -5.83401
-0.930432 -0.325286 27.0862 -5.77735
-0.930334 -0.325554 26.8233 -5.7203
-0.930234 -0.325822 26.5585 -5.66289
-0.930132 -0.326091 26.2921 -5.60512
-0.930027 -0.326359 26.0239 -5.54703
-0.929921 -0.326628 25.7542 -5.48863
-0.929812 -0.326896 25.483 -5.42994
-0.929701 -0.327165 25.2104 -5.37099
-0.929588 -0.327434 24.9366 -5.3118
-0.929473 -0.327703 24.6616 -5.25238
-0.929357 -0.327972 24.3856 -5.19275
-0.929238 -0.328241 24.1085 -5.13294
-0.929117 -0.328509 23.8305 -5.07296
-0.928994 -0.328778 23.5518 -5.01283
-0.928869 -0.329047 23.2723 -4.95257
-0.928742 -0.329316 22.9922 -4.89221
-0.928613 -0.329585 22.7115 -4.83175
-0.928482 -0.329854 22.4304 -4.77121
-0.92835 -0.330123 22.1489 -4.71062
-0.928215 -0.330392 21.8671 -4.64999
-0.928079 -0.330661 21.5851 -4.58934
-0.927941 -0.330929 21.303 -4.52868
-0.927801 -0.331198 21.0208 -4.46803
-0.927659 -0.331467 20.7386 -4.4074
-0.927515 -0.331735 20.4565 -4.34682
-0.92737 -0.332003 20.1746 -4.28629
-0.927223 -0.332272 19.8929 -4.22584
-0.927074 -0.33254 19.6116 -4.16547
-0.926924 -0.332808 19.3306 -4.1052
-0.926771 -0.333076 19.05 -4.04505
-0.926617 -0.333344 18.77 -3.98502
-0.926462 -0.333612 18.4905 -3.92513
-0.926305 -0.333879 18.2117 -3.8654
-0.926146 -0.334147 17.9336 -3.80583
-0.925986 -0.334414 17.6562 -3.74644
-0.925824 -0.334681 17.3796 -3.68724
-0.92566 -0.334948 17.1039 -3.62825
-0.925495 -0.335215 16.8291 -3.56947
-0.925328 -0.335482 16.5552 -3.51091
-0.92516 -0.335748 16.2824 -3.45258
-0.92499 -0.336014 16.0107 -3.39451
-0.924819 -0.33628 15.7401 -3.33668
-0.924646 -0.336546 15.4707 -3.27912
-0.924472 -0.336812 15.2024 -3.22184
-0.924297 -0.337077 14.9355 -3.16484
-0.92412 -0.337342 14.6698 -3.10813
-0.923942 -0.337607 14.4055 -3.05172
-0.923762 -0.337872 14.1425 -2.99562
-0.923581 -0.338136 13.881 -2.93983
-0.923398 -0.3384 13.6209 -2.88437
-0.923214 -0.338664 13.3623 -2.82924
-0.923029 -0.338928 13.1052 -2.77445
-0.922843 -0.339191 12.8497 -2.72
-0.922655 -0.339454 12.5958 -2.6659
-0.922466 -0.339717 12.3435 -2.61216
-0.922276 -0.339979 12.0928 -2.55879
-0.922084 -0.340241 11.8438 -2.50578
-0.921891 -0.340503 11.5966 -2.45315
-0.921697 -0.340764 11.351 -2.40089
-0.921502 -0.341026 11.1072 -2.34903
-0.921306 -0.341286 10.8652 -2.29755
-0.921108 -0.341547 10.6249 -2.24646
-0.92091 -0.341807 10.3865 -2.19577
-0.92071 -0.342067 10.1499 -2.14548
-0.920509 -0.342326 9.91517 -2.0956
-0.920307 -0.342585 9.68231 -2.04612
-0.920104 -0.342844 9.45133 -1.99706
-0.919899 -0.343102 9.22226 -1.94841
-0.919694 -0.34336 8.9951 -1.90018
-0.919488 -0.343618 8.76987 -1.85237
-0.91928 -0.343875 8.54659 -1.80498
-0.919072 -0.344132 8.32525 -1.75802
-0.918863 -0.344388 8.10589 -1.71148
-0.918652 -0.344645 7.88849 -1.66537
-0.918441 -0.3449 7.67308 -1.61969
-0.918228 -0.345155 7.45966 -1.57445
-0.918015 -0.34541 7.24823 -1.52963
-0.917801 -0.345664 7.03881 -1.48525
-0.917586 -0.345918 6.8314 -1.44131
-0.91737 -0.346172 6.626 -1.3978
-0.917153 -0.346425 6.42262 -1.35473
-0.916935 -0.346678 6.22126 -1.31209
-0.916716 -0.34693 6.02192 -1.2699
-0.916496 -0.347181 5.82461 -1.22814
-0.916276 -0.347433 5.62932 -1.18681
-0.916055 -0.347683 5.43606 -1.14593
-0.915832 -0.347934 5.24482 -1.10548
-0.91561 -0.348184 5.05561 -1.06547
-0.915386 -0.348433 4.86842 -1.02589
-0.915161 -0.348682 4.68325 -0.98675
-0.914936 -0.34893 4.5001 -0.948045
-0.91471 -0.349178 4.31896 -0.909773
-0.914484 -0.349426 4.13983 -0.871934
-0.914256 -0.349672 3.96271 -0.834527
-0.914028 -0.349919 3.78759 -0.797551
-0.913799 -0.350165 3.61447 -0.761004
-0.91357 -0.35041 3.44333 -0.724884
-0.913339 -0.350655 3.27418 -0.689191
-0.913108 -0.350899 3.10701 -0.653923
-0.912877 -0.351143 2.94181 -0.619078
-0.912645 -0.351387 2.77857 -0.584655
-0.912412 -0.351629 2.61728 -0.55065
-0.912178 -0.351871 2.45794 -0.517064
-0.911944 -0.352113 2.30053 -0.483893
-0.91171 -0.352354 2.14505 -0.451135
-0.911475 -0.352595 1.99149 -0.418788
-0.911239 -0.352835 1.83984 -0.386851
-0.911002 -0.353074 1.69008 -0.35532
-0.910766 -0.353313 1.54222 -0.324194
-0.910528 -0.353552 1.39623 -0.29347
-0.91029 -0.353789 1.2521 -0.263145
-0.910052 -0.354026 1.10983 -0.233216
-0.909813 -0.354263 0.969401 -0.203683
-0.909573 -0.354499 0.830801 -0.17454
-0.909333 -0.354735 0.69402 -0.145787
-0.909093 -0.354969 0.559044 -0.11742
-0.908852 -0.355204 0.425861 -0.0894357
-0.908611 -0.355437 0.294457 -0.061832
-0.908369 -0.35567 0.16482 -0.0346058
-0.908127 -0.355903 0.036935 -0.007754
-0.907884 -0.356134 0 -0
-0.907641 -0.356365 0 -0
-0.907397 -0.356596 0 -0
-0.907154 -0.356826 0 -0
-0.906909 -0.357055 0 -0
-0.906665 -0.357284 0 -0
-0.90642 -0.357511 0 -0
-0.906174 -0.357739 0 -0
-0.905928 -0.357965 0 -0
-0.905682 -0.358191 0 -0
-0.905435 -0.358416 0 -0
-0.905188 -0.35864 0 -0
-0.904941 -0.358864 0 -0
-0.904693 -0.359087 0 -0
-0.904445 -0.359309 0 -0
-0.904196 -0.35953 0 -0
-0.903947 -0.35975 0 -0
-0.903698 -0.359969 0 -0
-0.903448 -0.360188 0 -0
-0.903198 -0.360406 0 -0
-0.902947 -0.360622 0 -0
-0.902695 -0.360838 0 -0
-0.902444 -0.361053 0 -0
-0.902191 -0.361266 0 -0
-0.901938 -0.361479 0 -0
-0.901685 -0.36169 0 -0
-0.901431 -0.3619 0 -0
-0.901176 -0.362109 0 -0
-0.900921 -0.362317 0 -0
-0.900666 -0.362524 0 -0
-0.90041 -0.36273 0 -0
-0.900153 -0.362934 0 -0
-0.899895 -0.363137 0 -0
-0.899637 -0.363339 0 -0
-0.899379 -0.363539 0 -0
-0.89912 -0.363739 0 -0
-0.89886 -0.363937 0 -0
-0.8986 -0.364133 0 -0
-0.898339 -0.364329 0 -0
-0.898077 -0.364523 0 -0
-0.897815 -0.364716 0 -0
-0.897553 -0.364907 0 -0
-0.89729 -0.365098 0 -0
-0.897026 -0.365287 0 -0
-0.896762 -0.365474 0 -0
-0.896498 -0.365661 0 -0
-0.896233 -0.365846 0 -0
-0.895968 -0.36603 0 -0
-0.895702 -0.366213 0 -0
-0.895435 -0.366394 0 -0
-0.895169 -0.366574 0 -0
-0.894901 -0.366753 0 -0
-0.894634 -0.366931 0 -0
-0.894366 -0.367107 0 -0
-0.894098 -0.367282 0 -0
-0.893829 -0.367456 0 -0
-0.89356 -0.367629 0 -0
-0.893291 -0.3678 0 -0
-0.893021 -0.36797 0 -0
-0.892751 -0.368139 0 -0
-0.892481 -0.368307 0 -0
-0.89221 -0.368474 0 -0
-0.89194 -0.368639 0 -0
-0.891668 -0.368803 0 -0
-0.891397 -0.368966 0 -0
-0.891126 -0.369128 0 -0
-0.890854 -0.369289 0 -0
-0.890582 -0.369448 0 -0
-0.89031 -0.369607 0 -0
-0.890037 -0.369764 0 -0
-0.889765 -0.36992 0 -0
-0.889492 -0.370075 0 -0
-0.889219 -0.370229 0 -0
-0.888946 -0.370381 0 -0
-0.888673 -0.370533 0 -0
-0.8884 -0.370683 0 -0
-0.888127 -0.370832 0 -0
-0.887853 -0.37098 0 -0
-0.88758 -0.371127 0 -0
-0.887306 -0.371273 0 -0
-0.887033 -0.371418 0 -0
-0.886759 -0.371561 0 -0
-0.886485 -0.371704 0 -0
-0.886212 -0.371845 0 -0
-0.885938 -0.371986 0 -0
-0.885664 -0.372125 0 -0
-0.88539 -0.372263 0 -0
-0.885117 -0.3724 0 -0
-0.884843 -0.372536 0 -0
-0.884569 -0.372671 0 -0
-0.884296 -0.372805 0 -0
-0.884022 -0.372938 0 -0
-0.883749 -0.37307 0 -0
-0.883475 -0.373201 0 -0
-0.883202 -0.373331 0 -0
-0.882929 -0.37346 0 -0
-0.882656 -0.373588 0 -0
-0.882383 -0.373714 0 -0
-0.88211 -0.37384 0 -0
-0.881837 -0.373965 0 -0
-0.881565 -0.374089 0 -0
-0.881292 -0.374211 0 -0
-0.88102 -0.374333 0 -0
-0.880748 -0.374454 0 -0
-0.880476 -0.374573 0 -0
-0.880205 -0.374692 0 -0
-0.879933 -0.37481 0 -0
-0.879662 -0.374927 0 -0
-0.879391 -0.375043 0 -0
-0.87912 -0.375158 0 -0
-0.87885 -0.375272 0 -0
-0.878579 -0.375385 0 -0
-0.878309 -0.375497 0 -0
-0.878039 -0.375608 0 -0
-0.87777 -0.375718 0 -0
-0.877501 -0.375827 0 -0
-0.877232 -0.375936 0 -0
-0.876963 -0.376043 0 -0
-0.876695 -0.37615 0 -0
-0.876426 -0.376255 0 -0
-0.876159 -0.37636 0 -0
-0.875891 -0.376464 0 -0
-0.875624 -0.376567 0 -0
-0.875358 -0.376668 0 -0
-0.875091 -0.37677 0 -0
-0.874825 -0.37687 0 -0
-0.87456 -0.376969 0 -0
-0.874294 -0.377068 0 -0
-0.874029 -0.377165 0 -0
-0.873765 -0.377262 0 -0
-0.873501 -0.377358 0 -0
-0.873237 -0.377453 0 -0
-0.872974 -0.377547 0 -0
-0.872711 -0.37764 0 -0
-0.872448 -0.377733 0 -0
-0.872186 -0.377824 0 -0
-0.871925 -0.377915 0 -0
-0.871664 -0.378005 0 -0
-0.871403 -0.378094 0 -0
-0.871143 -0.378182 0 -0
-0.870883 -0.37827 0 -0
-0.870624 -0.378356 0 -0
-0.870365 -0.378442 0 -0
-0.870107 -0.378527 0 -0
-0.869849 -0.378611 0 -0
-0.869591 -0.378695 0 -0
-0.869335 -0.378778 0 -0
-0.869078 -0.378859 0 -0
-0.868822 -0.378941 0 -0
-0.868567 -0.379021 0 -0
-0.868312 -0.3791 0 -0
-0.868058 -0.379179 0 -0
-0.867804 -0.379257 0 -0
-0.867551 -0.379334 0 -0
-0.867299 -0.379411 0 -0
-0.867047 -0.379486 0 -0
-0.866795 -0.379561 0 -0
-0.866544 -0.379636 0 -0
-0.866294 -0.379709 0 -0
-0.866044 -0.379782 0 -0
-0.865795 -0.379854 0 -0
-0.865546 -0.379925 0 -0
-0.865298 -0.379996 0 -0
-0.865051 -0.380065 0 -0
-0.864804 -0.380135 0 -0
-0.864558 -0.380203 0 -0
-0.864312 -0.380271 0 -0
-0.864067 -0.380338 0 -0
-0.863823 -0.380404 0 -0
-0.863579 -0.380469 0 -0
-0.863336 -0.380534 0 -0
-0.863094 -0.380599 0 -0
-0.862852 -0.380662 0 -0
-0.862611 -0.380725 0 -0
-0.86237 -0.380787 0 -0
-0.862131 -0.380849 0 -0
-0.861891 -0.380909 0 -0
-0.861653 -0.380969 0 -0
-0.861415 -0.381029 0 -0
-0.861178 -0.381088 0 -0
-0.860941 -0.381146 0 -0
-0.860705 -0.381203 0 -0
-0.86047 -0.38126 0 -0
-0.860236 -0.381317 0 -0
-0.860002 -0.381372 0 -0
-0.859769 -0.381427 0 -0
-0.859537 -0.381481 0 -0
-0.859305 -0.381535 0 -0
-0.859074 -0.381588 0 -0
-0.858844 -0.381641 0 -0
-0.858614 -0.381692 0 -0
-0.858385 -0.381744 0 -0
-0.858157 -0.381794 0 -0
-0.85793 -0.381844 0 -0
-0.857703 -0.381894 0 -0
-0.857478 -0.381942 0 -0
-0.857252 -0.381991 0 -0
-0.857028 -0.382038 0 -0
-0.856804 -0.382085 0 -0
-0.856581 -0.382132 0 -0
-0.856359 -0.382178 0 -0
-0.856138 -0.382223 0 -0
-0.855917 -0.382267 0 -0
-0.855697 -0.382312 0 -0
-0.855478 -0.382355 0 -0
-0.85526 -0.382398 0 -0
-0.855042 -0.382441 0 -0
-0.854825 -0.382483 0 -0
-0.854609 -0.382524 0 -0
-0.854394 -0.382565 0 -0
-0.854179 -0.382605 0 -0
-0.853966 -0.382645 0 -0
-0.853753 -0.382684 0 -0
-0.853541 -0.382722 0 -0
-0.853329 -0.38276 0 -0
-0.853119 -0.382798 0 -0
-0.852909 -0.382835 0 -0
-0.8527 -0.382872 0 -0
-0.852492 -0.382908 0 -0
-0.852285 -0.382943 0 -0
-0.852078 -0.382978 0 -0
-0.851873 -0.383012 0 -0
-0.851668 -0.383046 0 -0
-0.851464 -0.38308 0 -0
-0.851261 -0.383113 0 -0
-0.851058 -0.383145 0 -0
-0.850857 -0.383177 0 -0
-0.850657 -0.383209 0 -0
-0.850457 -0.383239 0 -0
-0.850258 -0.38327 0 -0
-0.850061 -0.3833 0 -0
-0.849864 -0.383329 0 -0
-0.849668 -0.383358 0 -0
-0.849473 -0.383387 0 -0
-0.849279 -0.383415 0 -0
-0.849086 -0.383442 0 -0
-0.848895 -0.383469 0 -0
-0.848704 -0.383496 0 -0
-0.848514 -0.383522 0 -0
-0.848326 -0.383547 0 -0
-0.848139 -0.383573 0 -0
-0.847953 -0.383597 0 -0
-0.847769 -0.383621 0 -0
-0.847586 -0.383645 0 -0
-0.847405 -0.383668 0 -0
-0.847225 -0.38369 0 -0
-0.847047 -0.383712 0 -0
-0.84687 -0.383734 0 -0
-0.846696 -0.383754 0 -0
-0.846523 -0.383775 0 -0
-0.846352 -0.383795 0 -0
-0.846184 -0.383814 0 -0
-0.846017 -0.383833 0 -0
-0.845853 -0.383851 0 -0
-0.84569 -0.383868 0 -0
-0.845531 -0.383885 0 -0
-0.845373 -0.383902 0 -0
-0.845218 -0.383918 0 -0
-0.845065 -0.383933 0 -0
-0.844915 -0.383947 0 -0
-0.844767 -0.383962 0 -0
-0.844621 -0.383975 0 -0
-0.844479 -0.383988 0 -0
-0.844338 -0.384 0 -0
-0.8442 -0.384012 0 -0
-0.844065 -0.384023 0 -0
-0.843932 -0.384034 0 -0
-0.843802 -0.384044 0 -0
-0.843674 -0.384054 0 -0
-0.843549 -0.384063 0 -0
-0.843426 -0.384071 0 -0
-0.843305 -0.384079 0 -0
-0.843187 -0.384086 0 -0
-0.843072 -0.384093 0 -0
-0.842959 -0.384099 0 -0
-0.842848 -0.384105 0 -0
-0.84274 -0.38411 0 -0
-0.842634 -0.384115 0 -0
-0.842531 -0.384119 0 -0
-0.842429 -0.384123 0 -0
-0.842331 -0.384126 0 -0
-0.842234 -0.384129 0 -0
-0.84214 -0.384131 0 -0
-0.842048 -0.384132 0 -0
-0.841958 -0.384134 0 -0
-0.841871 -0.384134 0 -0
-0.841786 -0.384135 0 -0
-0.841703 -0.384134 0 -0
-0.841622 -0.384133 0 -0
-0.841543 -0.384132 0 -0
-0.841467 -0.384131 0 -0
-0.841392 -0.384128 0 -0
-0.84132 -0.384126 0 -0
-0.84125 -0.384123 0 -0
-0.841182 -0.384119 0 -0
-0.841116 -0.384115 0 -0
-0.841052 -0.384111 0 -0
-0.84099 -0.384106 0 -0
-0.84093 -0.384101 0 -0
-0.840872 -0.384096 0 -0
-0.840816 -0.38409 0 -0
-0.840762 -0.384083 0 -0
-0.84071 -0.384076 0 -0
-0.84066 -0.384069 0 -0
-0.840612 -0.384061 0 -0
-0.840565 -0.384053 0 -0
-0.840521 -0.384045 0 -0
-0.840478 -0.384036 0 -0
-0.840437 -0.384027 0 -0
-0.840398 -0.384017 0 -0
-0.840361 -0.384007 0 -0
-0.840326 -0.383997 0 -0
-0.840292 -0.383986 0 -0
-0.840261 -0.383975 0 -0
-0.840231 -0.383964 0 -0
-0.840202 -0.383952 0 -0
-0.840176 -0.38394 0 -0
-0.840151 -0.383927 0 -0
-0.840127 -0.383914 0 -0
-0.840106 -0.383901 0 -0
-0.840086 -0.383888 0 -0
-0.840067 -0.383874 0 -0
-0.840051 -0.38386 0 -0
-0.840036 -0.383845 0 -0
-0.840022 -0.383831 0 -0
-0.84001 -0.383816 0 -0
-0.84 -0.3838 0 -0
-0.839991 -0.383784 0 -0
-0.839984 -0.383768 0 -0
-0.839978 -0.383752 0 -0
-0.839973 -0.383735 0 -0
-0.839971 -0.383719 0 -0
-0.839969 -0.383701 0 -0
-0.839969 -0.383684 0 -0
-0.839971 -0.383666 0 -0
-0.839974 -0.383648 0 -0
-0.839978 -0.38363 0 -0
-0.839984 -0.383611 0 -0
-0.839991 -0.383592 0 -0
-0.839999 -0.383573 0 -0
-0.840009 -0.383554 0 -0
-0.84002 -0.383534 0 -0
-0.840033 -0.383514 0 -0
-0.840046 -0.383494 0 -0
-0.840061 -0.383474 0 -0
-0.840078 -0.383453 0 -0
-0.840095 -0.383432 0 -0
-0.840114 -0.383411 0 -0
-0.840134 -0.38339 0 -0
-0.840156 -0.383368 0 -0
-0.840178 -0.383346 0 -0
-0.840202 -0.383324 0 -0
-0.840227 -0.383302 0 -0
-0.840253 -0.38328 0 -0
-0.84028 -0.383257 0 -0
-0.840309 -0.383234 0 -0
-0.840338 -0.383211 0 -0
-0.840369 -0.383188 0 -0
-0.840401 -0.383164 0 -0
-0.840434 -0.383141 0 -0
-0.840468 -0.383117 0 -0
-0.840503 -0.383093 0 -0
-0.840539 -0.383068 0 -0
-0.840576 -0.383044 0 -0
-0.840614 -0.383019 0 -0
-0.840654 -0.382994 0 -0
-0.840694 -0.382969 0 -0
-0.840735 -0.382944 0 -0
-0.840777 -0.382919 0 -0
-0.840821 -0.382893 0 -0
-0.840865 -0.382868 0 -0
-0.84091 -0.382842 0 -0
-0.840956 -0.382816 0 -0
-0.841003 -0.38279 0 -0
-0.841051 -0.382763 0 -0
-0.8411 -0.382737 0 -0
-0.841149 -0.38271 0 -0
-0.8412 -0.382683 0 -0
-0.841251 -0.382656 0 -0
-0.841304 -0.382629 0 -0
-0.841357 -0.382602 0 -0
-0.841411 -0.382575 0 -0
-0.841466 -0.382547 0 -0
-0.841521 -0.38252 0 -0
-0.841578 -0.382492 0 -0
-0.841635 -0.382464 0 -0
-0.841693 -0.382436 0 -0
-0.841752 -0.382408 0 -0
-0.841812 -0.38238 0 -0
-0.841872 -0.382352 0 -0
-0.841933 -0.382323 0 -0
-0.841994 -0.382295 0 -0
-0.842055 -0.382267 0 -0
-0.842115 -0.382238 0 -0
-0.842176 -0.38221 0 -0
-0.842236 -0.382182 0 -0
-0.842296 -0.382154 0 -0
-0.842355 -0.382126 0 -0
-0.842415 -0.382098 0 -0
-0.842474 -0.382071 0 -0
-0.842533 -0.382043 0 -0
-0.842592 -0.382015 0 -0
-0.842651 -0.381988 0 -0
-0.842709 -0.38196 0 -0
-0.842768 -0.381933 0 -0
-0.842826 -0.381906 0 -0
-0.842884 -0.381879 0 -0
-0.842941 -0.381851 0 -0
-0.842999 -0.381824 0 -0
-0.843056 -0.381797 0 -0
-0.843113 -0.381771 0 -0
-0.84317 -0.381744 0 -0
-0.843227 -0.381717 0 -0
-0.843284 -0.38169 0 -0
-0.84334 -0.381664 0 -0
-0.843396 -0.381637 0 -0
-0.843452 -0.381611 0 -0
-0.843508 -0.381585 0 -0
-0.843563 -0.381558 0 -0
-0.843619 -0.381532 0 -0
-0.843674 -0.381506 0 -0
-0.843729 -0.38148 0 -0
-0.843783 -0.381454 0 -0
-0.843838 -0.381429 0 -0
-0.843892 -0.381403 0 -0
-0.843946 -0.381377 0 -0
-0.844 -0.381352 0 -0
-0.844054 -0.381326 0 -0
-0.844108 -0.381301 0 -0
-0.844161 -0.381276 0 -0
-0.844214 -0.381251 0 -0
-0.844267 -0.381226 0 -0
-0.84432 -0.381201 0 -0
-0.844372 -0.381176 0 -0
-0.844425 -0.381151 0 -0
-0.844477 -0.381126 0 -0
-0.844529 -0.381101 0 -0
-0.84458 -0.381077 0 -0
-0.844632 -0.381052 0 -0
-0.844683 -0.381028 0 -0
-0.844734 -0.381004 0 -0
-0.844785 -0.38098 0 -0
-0.844836 -0.380955 0 -0
-0.844886 -0.380931 0 -0
-0.844937 -0.380908 0 -0
-0.844987 -0.380884 0 -0
