-0.78 -0.2 0 -0
-0.78 -0.2 0 -0
-0.780031 -0.200006 0 -0
-0.780091 -0.200019 0 -0
-0.780182 -0.200037 0 -0
-0.780301 -0.200061 0 -0
-0.78045 -0.200091 0 -0
-0.780627 -0.200126 0 -0
-0.780831 -0.200166 0 -0
-0.781062 -0.200211 0 -0
-0.781319 -0.200259 0 -0
-0.781601 -0.200311 0 -0
-0.781906 -0.200366 0 -0
-0.782235 -0.200423 0 -0
-0.782585 -0.200481 0 -0
-0.782955 -0.20054 0 -0
-0.783342 -0.2006 0 -0
-0.783746 -0.200658 0 -0
-0.784165 -0.200716 0 -0
-0.784595 -0.200772 0 -0
-0.785034 -0.200826 0 -0
-0.785481 -0.200878 0 -0
-0.785933 -0.200928 0 -0
-0.786387 -0.200977 0 -0
-0.786842 -0.201025 0 -0
-0.787296 -0.201073 0 -0
-0.787747 -0.201123 0 -0
-0.788196 -0.201174 0 -0
-0.78864 -0.201228 0 -0
-0.789082 -0.201285 0 -0
-0.789521 -0.201347 0 -0
-0.789958 -0.201412 0 -0
-0.790394 -0.201483 0 -0
-0.790831 -0.201557 0 -0
-0.79127 -0.201637 0 -0
-0.791712 -0.20172 0 -0
-0.792158 -0.201808 0 -0
-0.792609 -0.201899 0 -0
-0.793067 -0.201994 0 -0
-0.79353 -0.202092 0 -0
-0.793999 -0.202192 0 -0
-0.794474 -0.202296 0 -0
-0.794955 -0.202402 0 -0
-0.79544 -0.20251 0 -0
-0.795929 -0.20262 0 -0
-0.796421 -0.202733 0 -0
-0.796915 -0.202847 0 -0
-0.79741 -0.202963 0 -0
-0.797905 -0.20308 0 -0
-0.798399 -0.203198 0 -0
-0.79889 -0.203318 0 -0
-0.799378 -0.203438 0 -0
-0.799862 -0.203558 0 -0
-0.80034 -0.203678 0 -0
-0.800813 -0.203798 0 -0
-0.80128 -0.203917 0 -0
-0.801739 -0.204035 0 -0
-0.802191 -0.204151 0 -0
-0.802634 -0.204265 0 -0
-0.803069 -0.204377 0 -0
-0.803495 -0.204487 0 -0
-0.803912 -0.204594 0 -0
-0.804319 -0.204698 0 -0
-0.804718 -0.204799 0 -0
-0.805107 -0.204897 0 -0
-0.805486 -0.204991 0 -0
-0.805857 -0.205082 0 -0
-0.80622 -0.205171 0 -0
-0.806575 -0.205256 0 -0
-0.806922 -0.205339 0 -0
-0.807263 -0.205419 0 -0
-0.807597 -0.205497 0 -0
-0.807926 -0.205574 0 -0
-0.808251 -0.205648 0 -0
-0.808573 -0.205722 0 -0
-0.808892 -0.205795 0 -0
-0.809209 -0.205868 0 -0
-0.809525 -0.205942 0 -0
-0.809841 -0.206015 0 -0
-0.810159 -0.20609 0 -0
-0.810478 -0.206166 0 -0
-0.8108 -0.206244 0 -0
-0.811125 -0.206324 0 -0
-0.811454 -0.206407 0 -0
-0.811787 -0.206492 0 -0
-0.812125 -0.20658 0 -0
-0.812467 -0.206671 0 -0
-0.812816 -0.206765 0 -0
-0.81317 -0.206863 0 -0
-0.813529 -0.206964 0 -0
-0.813895 -0.207069 0 -0
-0.814266 -0.207177 0 -0
-0.814643 -0.207289 0 -0
-0.815026 -0.207404 0 -0
-0.815414 -0.207523 0 -0
-0.815808 -0.207646 0 -0
-0.816207 -0.207772 0 -0
-0.816611 -0.207901 0 -0
-0.81702 -0.208035 0 -0
-0.817432 -0.208171 0 -0
-0.81785 -0.208311 0 -0
-0.81827 -0.208454 0 -0
-0.818695 -0.2086 0 -0
-0.819122 -0.208749 0 -0
-0.819552 -0.208902 0 -0
-0.819985 -0.209057 0 -0
-0.82042 -0.209215 0 -0
-0.820856 -0.209376 0 -0
-0.821295 -0.209539 0 -0
-0.821734 -0.209706 0 -0
-0.822175 -0.209874 0 -0
-0.822617 -0.210045 0 -0
-0.823059 -0.210219 0 -0
-0.823502 -0.210395 0 -0
-0.823945 -0.210573 0 -0
-0.824389 -0.210754 0 -0
-0.824833 -0.210936 0 -0
-0.825276 -0.211121 0 -0
-0.82572 -0.211308 0 -0
-0.826163 -0.211497 0 -0
-0.826606 -0.211688 0 -0
-0.827049 -0.211881 0 -0
-0.827492 -0.212075 0 -0
-0.827934 -0.212271 0 -0
-0.828375 -0.212469 0 -0
-0.828816 -0.212668 0 -0
-0.829256 -0.212869 0 -0
-0.829695 -0.213071 0 -0
-0.830134 -0.213275 0 -0
-0.830571 -0.213479 0 -0
-0.831008 -0.213684 0 -0
-0.831444 -0.21389 0 -0
-0.831878 -0.214097 0 -0
-0.832312 -0.214304 0 -0
-0.832744 -0.214512 0 -0
-0.833175 -0.21472 0 -0
-0.833604 -0.214927 0 -0
-0.834032 -0.215134 0 -0
-0.834459 -0.215341 0 -0
-0.834883 -0.215547 0 -0
-0.835306 -0.215753 0 -0
-0.835727 -0.215957 0 -0
-0.836146 -0.21616 0 -0
-0.836564 -0.216361 0 -0
-0.836979 -0.216562 0 -0
-0.837392 -0.21676 0 -0
-0.837803 -0.216957 0 -0
-0.838212 -0.217152 0 -0
-0.838618 -0.217345 0 -0
-0.839022 -0.217536 0 -0
-0.839424 -0.217725 0 -0
-0.839824 -0.217912 0 -0
-0.840222 -0.218096 0 -0
-0.840617 -0.218279 0 -0
-0.84101 -0.21846 0 -0
-0.8414 -0.218638 0 -0
-0.841788 -0.218814 0 -0
-0.842174 -0.218989 0 -0
-0.842558 -0.219161 0 -0
-0.842939 -0.219331 0 -0
-0.843318 -0.219499 0 -0
-0.843695 -0.219666 0 -0
-0.84407 -0.21983 0 -0
-0.844443 -0.219992 0 -0
-0.844814 -0.220153 0 -0
-0.845182 -0.220312 0 -0
-0.845549 -0.22047 0 -0
-0.845914 -0.220626 0 -0
-0.846277 -0.22078 0 -0
-0.846638 -0.220933 0 -0
-0.846998 -0.221085 0 -0
-0.847356 -0.221236 0 -0
-0.847713 -0.221386 0 -0
-0.848069 -0.221536 0 -0
-0.848423 -0.221684 0 -0
-0.848777 -0.221833 0 -0
-0.84913 -0.221981 0 -0
-0.849483 -0.222129 0 -0
-0.849836 -0.222278 0 -0
-0.850189 -0.222427 0 -0
-0.850543 -0.222578 0 -0
-0.850897 -0.222729 0 -0
-0.851252 -0.222883 0 -0
-0.851609 -0.223038 0 -0
-0.851968 -0.223196 0 -0
-0.85233 -0.223356 0 -0
-0.852694 -0.22352 0 -0
-0.853061 -0.223687 0 -0
-0.853432 -0.223859 0 -0
-0.853807 -0.224034 0 -0
-0.854186 -0.224215 0 -0
-0.85457 -0.2244 0 -0
-0.854959 -0.224591 0 -0
-0.855353 -0.224788 0 -0
-0.855752 -0.22499 0 -0
-0.856158 -0.225199 0 -0
-0.856569 -0.225414 0 -0
-0.856986 -0.225636 0 -0
-0.85741 -0.225864 0 -0
-0.85784 -0.226098 0 -0
-0.858276 -0.22634 0 -0
-0.858719 -0.226589 0 -0
-0.859168 -0.226844 0 -0
-0.859624 -0.227107 0 -0
-0.860086 -0.227376 0 -0
-0.860555 -0.227652 0 -0
-0.86103 -0.227936 0 -0
-0.861511 -0.228226 0 -0
-0.861999 -0.228523 0 -0
-0.862493 -0.228827 0 -0
-0.862993 -0.229138 0 -0
-0.863499 -0.229455 0 -0
-0.864011 -0.229779 0 -0
-0.86453 -0.23011 0 -0
-0.865054 -0.230448 0 -0
-0.865584 -0.230792 0 -0
-0.866119 -0.231142 0 -0
-0.866661 -0.231499 0 -0
-0.867207 -0.231862 0 -0
-0.867759 -0.232231 0 -0
-0.868317 -0.232607 0 -0
-0.86888 -0.232988 0 -0
-0.869448 -0.233376 0 -0
-0.870021 -0.23377 0 -0
-0.870598 -0.234169 0 -0
-0.871181 -0.234574 0 -0
-0.871768 -0.234985 0 -0
-0.872361 -0.235402 0 -0
-0.872957 -0.235824 0 -0
-0.873558 -0.236251 0 -0
-0.874163 -0.236684 0 -0
-0.874772 -0.237122 0 -0
-0.875386 -0.237565 0 -0
-0.876003 -0.238013 0 -0
-0.876624 -0.238466 0 -0
-0.877248 -0.238924 0 -0
-0.877876 -0.239387 0 -0
-0.878507 -0.239854 0 -0
-0.879141 -0.240325 0 -0
-0.879778 -0.240801 0 -0
-0.880418 -0.24128 0 -0
-0.881059 -0.241764 0 -0
-0.881703 -0.242251 0 -0
-0.882349 -0.242741 0.204639 -0.0477545
-0.882996 -0.243235 0.42811 -0.0998694
-0.883643 -0.243731 0.656246 -0.153025
-0.884287 -0.244232 0.888973 -0.207208
-0.884927 -0.244736 1.12844 -0.262984
-0.885559 -0.245243 1.36735 -0.318531
-0.886182 -0.245754 1.60854 -0.374601
-0.886794 -0.24627 1.84861 -0.430348
-0.887392 -0.246789 2.08711 -0.485693
-0.887973 -0.247312 2.32611 -0.54127
-0.888537 -0.24784 2.55668 -0.594734
-0.889079 -0.248372 2.78164 -0.646922
-0.889599 -0.248908 2.99723 -0.696881
-0.890094 -0.249448 3.20258 -0.744459
-0.890563 -0.249993 3.39981 -0.790367
-0.891002 -0.250543 3.57926 -0.831959
-0.891412 -0.251097 3.74411 -0.870244
-0.891789 -0.251656 3.89061 -0.904239
-0.892133 -0.252219 4.01828 -0.933896
-0.892442 -0.252788 4.12983 -0.960109
-0.892716 -0.253361 4.21587 -0.980195
-0.892953 -0.253939 4.28057 -0.995441
-0.893153 -0.254522 4.32103 -1.00504
-0.893316 -0.255109 4.3378 -1.00918
-0.89344 -0.255701 4.33471 -1.00903
-0.893562 -0.25629 4.32609 -1.00732
-0.89368 -0.256876 4.31799 -1.00585
-0.893795 -0.257457 4.30637 -1.00343
-0.893907 -0.258035 4.29321 -1.00064
-0.894015 -0.25861 4.28246 -0.998665
-0.894121 -0.259181 4.26617 -0.995133
-0.894222 -0.259748 4.24934 -0.991534
-0.894321 -0.260312 4.22993 -0.987259
-0.894416 -0.260872 4.20896 -0.982614
-0.894507 -0.261428 4.19026 -0.978752
-0.894596 -0.26198 4.16617 -0.973364
-0.89468 -0.262529 4.14084 -0.967698
-0.894762 -0.263075 4.11371 -0.961586
-0.89484 -0.263616 4.08508 -0.955117
-0.894915 -0.264155 4.05864 -0.949407
-0.894986 -0.264689 4.02704 -0.942227
-0.895055 -0.26522 3.99493 -0.934988
-0.895119 -0.265747 3.96046 -0.927123
-0.895181 -0.266271 3.92458 -0.918923
-0.89524 -0.266792 3.89087 -0.911464
-0.895295 -0.267309 3.85223 -0.902602
-0.895347 -0.267822 3.81363 -0.893837
-0.895396 -0.268332 3.77235 -0.88434
-0.895441 -0.268839 3.72978 -0.874538
-0.895484 -0.269342 3.68935 -0.865457
-0.895524 -0.269842 3.64427 -0.855048
-0.89556 -0.270338 3.59885 -0.844611
-0.895594 -0.270831 3.55138 -0.833628
-0.895624 -0.271321 3.50275 -0.822369
-0.895651 -0.271807 3.45625 -0.811813
-0.895676 -0.27229 3.40537 -0.800008
-0.895698 -0.27277 3.35467 -0.788321
-0.895716 -0.273247 3.30166 -0.776003
-0.895732 -0.273721 3.24764 -0.763439
-0.895745 -0.274191 3.19572 -0.75156
-0.895755 -0.274658 3.13971 -0.738515
-0.895762 -0.275122 3.08396 -0.725599
-0.895767 -0.275583 3.0261 -0.712103
-0.895769 -0.276041 2.96735 -0.698394
-0.895768 -0.276495 2.9107 -0.68535
-0.895764 -0.276947 2.85024 -0.671223
-0.895757 -0.277396 2.78974 -0.657123
-0.895748 -0.277841 2.7277 -0.642613
-0.895737 -0.278284 2.66492 -0.627921
-0.895723 -0.278724 2.60423 -0.613873
-0.895706 -0.27916 2.54001 -0.598828
-0.895686 -0.279594 2.47585 -0.583828
-0.895664 -0.280025 2.41033 -0.568464
-0.89564 -0.280453 2.34421 -0.552951
-0.895613 -0.280878 2.28016 -0.53806
-0.895584 -0.281301 2.21288 -0.522259
-0.895552 -0.28172 2.14609 -0.506622
-0.895518 -0.282137 2.07778 -0.490566
-0.895482 -0.282551 2.009 -0.474395
-0.895443 -0.282962 1.94229 -0.458824
-0.895402 -0.283371 1.87264 -0.442432
-0.895359 -0.283777 1.80357 -0.426216
-0.895314 -0.28418 1.73318 -0.409637
-0.895266 -0.284581 1.66247 -0.392978
-0.895216 -0.284979 1.59383 -0.376901
-0.895165 -0.285375 1.52255 -0.360092
-0.895111 -0.285768 1.4522 -0.343543
-0.895055 -0.286159 1.38049 -0.326622
-0.894998 -0.286547 1.30862 -0.30966
-0.894938 -0.286933 1.23887 -0.293265
-0.894877 -0.287317 1.16678 -0.276235
-0.894814 -0.287698 1.0955 -0.259418
-0.89475 -0.288077 1.02334 -0.242362
-0.894684 -0.288455 0.951226 -0.225311
-0.894616 -0.28883 0.881281 -0.208821
-0.894548 -0.289203 0.80933 -0.191795
-0.894477 -0.289574 0.738343 -0.175011
-0.894406 -0.289944 0.666743 -0.158058
-0.894334 -0.290311 0.595386 -0.141159
-0.894261 -0.290677 0.526284 -0.12482
-0.894187 -0.291042 0.455512 -0.108047
-0.894112 -0.291405 0.386062 -0.091595
-0.894037 -0.291767 0.31604 -0.0749899
-0.893961 -0.292127 0.24645 -0.0584837
-0.893884 -0.292486 0.179174 -0.0425335
-0.893807 -0.292844 0.110517 -0.0262379
-0.89373 -0.2932 0.0432792 -0.0102772
-0.893653 -0.293556 0 -0
-0.893576 -0.29391 0 -0
-0.893498 -0.294264 0 -0
-0.89342 -0.294617 0 -0
-0.893343 -0.294968 0 -0
-0.893265 -0.295319 0 -0
-0.893188 -0.295669 0 -0
-0.893111 -0.296018 0 -0
-0.893033 -0.296367 0 -0
-0.892956 -0.296714 0 -0
-0.89288 -0.297061 0 -0
-0.892803 -0.297407 0 -0
-0.892727 -0.297752 0 -0
-0.89265 -0.298097 0 -0
-0.892574 -0.298441 0 -0
-0.892499 -0.298784 0 -0
-0.892423 -0.299126 0 -0
-0.892348 -0.299468 0 -0
-0.892273 -0.299809 0 -0
-0.892198 -0.300149 0 -0
-0.892124 -0.300488 0 -0
-0.892049 -0.300827 0 -0
-0.891975 -0.301165 0 -0
-0.891901 -0.301503 0 -0
-0.891828 -0.301839 0 -0
-0.891754 -0.302175 0 -0
-0.891681 -0.302511 0 -0
-0.891608 -0.302845 0 -0
-0.891536 -0.303179 0 -0
-0.891463 -0.303512 0 -0
-0.891391 -0.303845 0 -0
-0.891319 -0.304176 0 -0
-0.891247 -0.304507 0 -0
-0.891175 -0.304838 0 -0
-0.891104 -0.305167 0 -0
-0.891033 -0.305496 0 -0
-0.890962 -0.305824 0 -0
-0.890891 -0.306151 0 -0
-0.890821 -0.306478 0 -0
-0.89075 -0.306804 0 -0
-0.89068 -0.307129 0 -0
-0.89061 -0.307454 0 -0
-0.89054 -0.307777 0 -0
-0.890471 -0.308101 0 -0
-0.890401 -0.308423 0 -0
-0.890332 -0.308744 0 -0
-0.890263 -0.309065 0 -0
-0.890194 -0.309385 0 -0
-0.890125 -0.309705 0 -0
-0.890057 -0.310023 0 -0
-0.889988 -0.310341 0 -0
-0.88992 -0.310659 0 -0
-0.889852 -0.310975 0 -0
-0.889784 -0.311291 0 -0
-0.889716 -0.311606 0 -0
-0.889649 -0.31192 0 -0
-0.889581 -0.312233 0 -0
-0.889514 -0.312546 0 -0
-0.889447 -0.312858 0 -0
-0.88938 -0.313169 0 -0
-0.889313 -0.31348 0 -0
-0.889246 -0.31379 0 -0
-0.889179 -0.314099 0 -0
-0.889113 -0.314407 0 -0
-0.889046 -0.314715 0 -0
-0.88898 -0.315021 0 -0
-0.888914 -0.315327 0 -0
-0.888848 -0.315633 0 -0
-0.888782 -0.315937 0 -0
-0.888716 -0.316241 0 -0
-0.888651 -0.316544 0 -0
-0.888585 -0.316846 0 -0
-0.88852 -0.317148 0 -0
-0.888454 -0.317448 0 -0
-0.888389 -0.317748 0 -0
-0.888324 -0.318048 0 -0
-0.888259 -0.318346 0 -0
-0.888194 -0.318644 0 -0
-0.888129 -0.318941 0 -0
-0.888064 -0.319237 0 -0
-0.888 -0.319533 0 -0
-0.887935 -0.319827 0 -0
-0.887871 -0.320121 0 -0
-0.887806 -0.320414 0 -0
-0.887742 -0.320707 0 -0
-0.887678 -0.320998 0 -0
-0.887613 -0.321289 0 -0
-0.887549 -0.32158 0 -0
-0.887485 -0.321869 0 -0
-0.887421 -0.322158 0 -0
-0.887357 -0.322445 0 -0
-0.887293 -0.322733 0 -0
-0.88723 -0.323019 0 -0
-0.887166 -0.323305 0 -0
-0.887102 -0.32359 0 -0
-0.887038 -0.323874 0 -0
-0.886974 -0.324157 0 -0
-0.88691 -0.32444 0 -0
-0.886847 -0.324722 0 -0
-0.886783 -0.325003 0 -0
-0.886719 -0.325284 0 -0
-0.886655 -0.325564 0 -0
-0.886591 -0.325843 0 -0
-0.886527 -0.326121 0 -0
-0.886462 -0.326399 0 -0
-0.886398 -0.326676 0 -0
-0.886333 -0.326953 0 -0
-0.886268 -0.327229 0 -0
-0.886203 -0.327504 0 -0
-0.886138 -0.327779 0 -0
-0.886072 -0.328053 0 -0
-0.886005 -0.328327 0 -0
-0.885939 -0.3286 0 -0
-0.885871 -0.328873 0 -0
-0.885804 -0.329146 0 -0
-0.885735 -0.329418 0 -0
-0.885666 -0.329689 0 -0
-0.885596 -0.329961 0 -0
-0.885526 -0.330232 0 -0
-0.885454 -0.330503 0 -0
-0.885382 -0.330773 0 -0
-0.885309 -0.331043 0 -0
-0.885235 -0.331313 0 -0
-0.88516 -0.331583 0 -0
-0.885084 -0.331853 0 -0
-0.885006 -0.332122 0 -0
-0.884928 -0.332392 0 -0
-0.884849 -0.332661 0 -0
-0.884769 -0.33293 0 -0
-0.884687 -0.333199 0 -0
-0.884605 -0.333468 0 -0
-0.884521 -0.333737 0 -0
-0.884437 -0.334006 0 -0
-0.884351 -0.334274 0 -0
-0.884264 -0.334542 0 -0
-0.884176 -0.334811 0 -0
-0.884087 -0.335079 0 -0
-0.883997 -0.335347 0 -0
-0.883906 -0.335615 0 -0
-0.883813 -0.335882 0 -0
-0.88372 -0.33615 0 -0
-0.883626 -0.336417 0 -0
-0.88353 -0.336684 0 -0
-0.883434 -0.336952 0 -0
-0.883336 -0.337218 0 -0
-0.883238 -0.337485 0 -0
-0.883138 -0.337752 0 -0
-0.883038 -0.338018 0 -0
-0.882936 -0.338284 0 -0
-0.882834 -0.33855 0 -0
-0.882731 -0.338816 0 -0
-0.882627 -0.339081 0 -0
-0.882521 -0.339346 0 -0
-0.882415 -0.339611 0 -0
-0.882308 -0.339876 0 -0
-0.8822 -0.340141 0 -0
-0.882092 -0.340405 0 -0
-0.881982 -0.340669 0 -0
-0.881871 -0.340933 0 -0
-0.88176 -0.341196 0 -0
-0.881648 -0.341459 0 -0
-0.881535 -0.341722 0 -0
-0.881421 -0.341985 0 -0
-0.881307 -0.342247 0 -0
-0.881191 -0.342509 0 -0
-0.881075 -0.34277 0 -0
-0.880958 -0.343032 0 -0
-0.88084 -0.343293 0 -0
-0.880722 -0.343553 0 -0
-0.880603 -0.343814 0 -0
-0.880483 -0.344074 0 -0
-0.880362 -0.344333 0 -0
-0.880241 -0.344593 0 -0
-0.880119 -0.344852 0 -0
-0.879996 -0.34511 0 -0
-0.879873 -0.345368 0 -0
-0.879749 -0.345626 0 -0
-0.879624 -0.345883 0 -0
-0.879499 -0.34614 0 -0
-0.879373 -0.346397 0 -0
-0.879246 -0.346653 0 -0
-0.879119 -0.346909 0 -0
-0.878991 -0.347164 0 -0
-0.878863 -0.347419 0 -0
-0.878734 -0.347674 0 -0
-0.878605 -0.347928 0 -0
-0.878474 -0.348181 0 -0
-0.878344 -0.348435 0 -0
-0.878213 -0.348687 0 -0
-0.878081 -0.34894 0 -0
-0.877949 -0.349192 0 -0
-0.877816 -0.349443 0 -0
-0.877683 -0.349694 0 -0
-0.877549 -0.349944 0 -0
-0.877415 -0.350194 0 -0
-0.87728 -0.350444 0 -0
-0.877145 -0.350693 0 -0
-0.877009 -0.350941 0 -0
-0.876873 -0.351189 0 -0
-0.876737 -0.351437 0 -0
-0.8766 -0.351684 0 -0
-0.876463 -0.35193 0 -0
-0.876325 -0.352176 0 -0
-0.876187 -0.352422 0 -0
-0.876048 -0.352667 0 -0
-0.875909 -0.352911 0 -0
-0.87577 -0.353155 0 -0
-0.87563 -0.353398 0 -0
-0.87549 -0.353641 0 -0
-0.87535 -0.353883 0 -0
-0.875209 -0.354125 0 -0
-0.875068 -0.354366 0 -0
-0.874927 -0.354607 0 -0
-0.874785 -0.354847 0 -0
-0.874643 -0.355086 0 -0
-0.874501 -0.355325 0 -0
-0.874358 -0.355564 0 -0
-0.874215 -0.355801 0 -0
-0.874072 -0.356038 0 -0
-0.873929 -0.356275 0 -0
-0.873785 -0.356511 0 -0
-0.873641 -0.356746 0 -0
-0.873497 -0.356981 0 -0
-0.873352 -0.357216 0 -0
-0.873208 -0.357449 0 -0
-0.873063 -0.357682 0 -0
-0.872918 -0.357915 0 -0
-0.872773 -0.358146 0 -0
-0.872627 -0.358378 0 -0
-0.872481 -0.358608 0 -0
-0.872335 -0.358838 0 -0
-0.872189 -0.359067 0 -0
-0.872043 -0.359296 0 -0
-0.871897 -0.359524 0 -0
-0.87175 -0.359752 0 -0
-0.871603 -0.359978 0 -0
-0.871457 -0.360205 0 -0
-0.87131 -0.36043 0 -0
-0.871162 -0.360655 0 -0
-0.871015 -0.360879 0 -0
-0.870868 -0.361103 0 -0
-0.87072 -0.361326 0 -0
-0.870573 -0.361548 0 -0
-0.870425 -0.361769 0 -0
-0.870277 -0.36199 0 -0
-0.87013 -0.362211 0 -0
-0.869982 -0.36243 0 -0
-0.869834 -0.362649 0 -0
-0.869686 -0.362867 0 -0
-0.869537 -0.363085 0 -0
-0.869389 -0.363302 0 -0
-0.869241 -0.363518 0 -0
-0.869093 -0.363733 0 -0
-0.868944 -0.363948 0 -0
-0.868796 -0.364162 0 -0
-0.868648 -0.364376 0 -0
-0.868499 -0.364589 0 -0
-0.868351 -0.364801 0 -0
-0.868202 -0.365012 0 -0
-0.868054 -0.365222 0 -0
-0.867906 -0.365432 0 -0
-0.867757 -0.365641 0 -0
-0.867609 -0.36585 0 -0
-0.86746 -0.366057 0 -0
-0.867312 -0.366264 0 -0
-0.867163 -0.366471 0 -0
-0.867015 -0.366676 0 -0
-0.866866 -0.366881 0 -0
-0.866718 -0.367084 0 -0
-0.866569 -0.367287 0 -0
-0.866421 -0.36749 0 -0
-0.866272 -0.367691 0 -0
-0.866124 -0.367892 0 -0
-0.865975 -0.368091 0 -0
-0.865826 -0.36829 0 -0
-0.865678 -0.368488 0 -0
-0.865529 -0.368685 0 -0
-0.86538 -0.368881 0 -0
-0.865231 -0.369076 0 -0
-0.865082 -0.36927 0 -0
-0.864933 -0.369463 0 -0
-0.864783 -0.369655 0 -0
-0.864634 -0.369846 0 -0
-0.864484 -0.370036 0 -0
-0.864334 -0.370224 0 -0
-0.864184 -0.370412 0 -0
-0.864033 -0.370598 0 -0
-0.863882 -0.370783 0 -0
-0.863731 -0.370967 0 -0
-0.86358 -0.371149 0 -0
-0.863428 -0.371331 0 -0
-0.863276 -0.37151 0 -0
-0.863124 -0.371689 0 -0
-0.862971 -0.371866 0 -0
-0.862818 -0.372042 0 -0
-0.862665 -0.372217 0 -0
-0.862511 -0.37239 0 -0
-0.862358 -0.372562 0 -0
-0.862203 -0.372733 0 -0
-0.862049 -0.372902 0 -0
-0.861894 -0.37307 0 -0
-0.861739 -0.373237 0 -0
-0.861584 -0.373402 0 -0
-0.861428 -0.373566 0 -0
-0.861272 -0.373729 0 -0
-0.861116 -0.37389 0 -0
-0.860959 -0.37405 0 -0
-0.860802 -0.374208 0 -0
-0.860645 -0.374366 0 -0
-0.860488 -0.374522 0 -0
-0.860331 -0.374676 0 -0
-0.860173 -0.37483 0 -0
-0.860015 -0.374982 0 -0
-0.859857 -0.375133 0 -0
-0.859699 -0.375282 0 -0
-0.85954 -0.375431 0 -0
-0.859382 -0.375578 0 -0
-0.859223 -0.375723 0 -0
-0.859064 -0.375868 0 -0
-0.858905 -0.376011 0 -0
-0.858746 -0.376153 0 -0
-0.858586 -0.376294 0 -0
-0.858427 -0.376433 0 -0
-0.858267 -0.376572 0 -0
-0.858107 -0.376709 0 -0
-0.857948 -0.376845 0 -0
-0.857788 -0.376979 0 -0
-0.857628 -0.377113 0 -0
-0.857468 -0.377245 0 -0
-0.857308 -0.377376 0 -0
-0.857147 -0.377506 0 -0
-0.856987 -0.377635 0 -0
-0.856827 -0.377762 0 -0
-0.856667 -0.377888 0 -0
-0.856507 -0.378014 0 -0
-0.856346 -0.378138 0 -0
-0.856186 -0.378261 0 -0
-0.856026 -0.378382 0 -0
-0.855865 -0.378503 0 -0
-0.855705 -0.378622 0 -0
-0.855545 -0.378741 0 -0
-0.855385 -0.378858 0 -0
-0.855225 -0.378974 0 -0
-0.855065 -0.379089 0 -0
-0.854905 -0.379203 0 -0
-0.854745 -0.379316 0 -0
-0.854585 -0.379428 0 -0
-0.854425 -0.379538 0 -0
-0.854265 -0.379648 0 -0
-0.854106 -0.379756 0 -0
-0.853946 -0.379864 0 -0
-0.853787 -0.37997 0 -0
-0.853627 -0.380076 0 -0
-0.853468 -0.38018 0 -0
-0.853309 -0.380283 0 -0
-0.85315 -0.380385 0 -0
-0.852992 -0.380487 0 -0
-0.852833 -0.380587 0 -0
-0.852674 -0.380686 0 -0
-0.852516 -0.380784 0 -0
-0.852358 -0.380881 0 -0
-0.8522 -0.380977 0 -0
-0.852042 -0.381072 0 -0
-0.851885 -0.381167 0 -0
-0.851727 -0.38126 0 -0
-0.85157 -0.381352 0 -0
-0.851413 -0.381443 0 -0
-0.851256 -0.381533 0 -0
-0.8511 -0.381622 0 -0
-0.850944 -0.381711 0 -0
-0.850788 -0.381798 0 -0
-0.850632 -0.381885 0 -0
-0.850476 -0.38197 0 -0
-0.850321 -0.382054 0 -0
-0.850166 -0.382138 0 -0
-0.850011 -0.382221 0 -0
-0.849856 -0.382302 0 -0
-0.849702 -0.382383 0 -0
-0.849548 -0.382463 0 -0
-0.849394 -0.382542 0 -0
-0.849241 -0.38262 0 -0
-0.849087 -0.382697 0 -0
-0.848935 -0.382774 0 -0
-0.848782 -0.382849 0 -0
-0.84863 -0.382924 0 -0
-0.848478 -0.382997 0 -0
-0.848326 -0.38307 0 -0
-0.848175 -0.383142 0 -0
-0.848024 -0.383213 0 -0
-0.847873 -0.383284 0 -0
-0.847723 -0.383353 0 -0
-0.847573 -0.383421 0 -0
-0.847423 -0.383489 0 -0
-0.847274 -0.383556 0 -0
-0.847125 -0.383622 0 -0
-0.846976 -0.383687 0 -0
-0.846828 -0.383752 0 -0
-0.84668 -0.383815 0 -0
-0.846533 -0.383878 0 -0
-0.846385 -0.38394 0 -0
-0.846239 -0.384001 0 -0
-0.846092 -0.384062 0 -0
-0.845946 -0.384121 0 -0
-0.845801 -0.38418 0 -0
-0.845656 -0.384238 0 -0
-0.845511 -0.384295 0 -0
-0.845367 -0.384352 0 -0
-0.845223 -0.384408 0 -0
-0.845079 -0.384463 0 -0
-0.844936 -0.384517 0 -0
-0.844793 -0.38457 0 -0
-0.844651 -0.384623 0 -0
-0.844509 -0.384675 0 -0
-0.844368 -0.384726 0 -0
-0.844227 -0.384777 0 -0
-0.844086 -0.384826 0 -0
-0.843946 -0.384875 0 -0
-0.843806 -0.384924 0 -0
-0.843667 -0.384971 0 -0
-0.843528 -0.385018 0 -0
-0.84339 -0.385065 0 -0
-0.843252 -0.38511 0 -0
-0.843115 -0.385155 0 -0
-0.842978 -0.385199 0 -0
-0.842841 -0.385242 0 -0
-0.842705 -0.385285 0 -0
-0.84257 -0.385327 0 -0
-0.842435 -0.385369 0 -0
-0.8423 -0.385409 0 -0
-0.842166 -0.38545 0 -0
-0.842033 -0.385489 0 -0
-0.8419 -0.385528 0 -0
-0.841767 -0.385566 0 -0
-0.841635 -0.385603 0 -0
-0.841503 -0.38564 0 -0
-0.841372 -0.385676 0 -0
-0.841241 -0.385712 0 -0
-0.841111 -0.385747 0 -0
-0.840982 -0.385781 0 -0
-0.840853 -0.385815 0 -0
-0.840724 -0.385848 0 -0
-0.840596 -0.38588 0 -0
-0.840468 -0.385912 0 -0
-0.840341 -0.385943 0 -0
-0.840215 -0.385974 0 -0
-0.840089 -0.386004 0 -0
-0.839963 -0.386033 0 -0
-0.839839 -0.386062 0 -0
-0.839714 -0.386091 0 -0
-0.83959 -0.386118 0 -0
-0.839467 -0.386145 0 -0
-0.839344 -0.386172 0 -0
-0.839222 -0.386198 0 -0
-0.8391 -0.386223 0 -0
-0.838979 -0.386248 0 -0
-0.838858 -0.386273 0 -0
-0.838738 -0.386296 0 -0
-0.838619 -0.38632 0 -0
-0.8385 -0.386342 0 -0
-0.838381 -0.386364 0 -0
-0.838264 -0.386386 0 -0
-0.838146 -0.386407 0 -0
-0.838029 -0.386428 0 -0
-0.837913 -0.386448 0 -0
-0.837798 -0.386467 0 -0
-0.837683 -0.386486 0 -0
-0.837568 -0.386505 0 -0
-0.837454 -0.386523 0 -0
-0.837341 -0.38654 0 -0
-0.837228 -0.386557 0 -0
-0.837116 -0.386573 0 -0
-0.837004 -0.386589 0 -0
-0.836893 -0.386605 0 -0
-0.836783 -0.38662 0 -0
-0.836673 -0.386634 0 -0
-0.836563 -0.386648 0 -0
-0.836455 -0.386662 0 -0
-0.836346 -0.386675 0 -0
-0.836239 -0.386688 0 -0
-0.836132 -0.3867 0 -0
-0.836026 -0.386711 0 -0
-0.83592 -0.386723 0 -0
-0.835815 -0.386733 0 -0
-0.83571 -0.386744 0 -0
-0.835606 -0.386753 0 -0
-0.835503 -0.386763 0 -0
-0.835401 -0.386772 0 -0
-0.835299 -0.38678 0 -0
-0.835197 -0.386788 0 -0
-0.835097 -0.386796 0 -0
-0.834997 -0.386803 0 -0
-0.834898 -0.38681 0 -0
-0.834799 -0.386816 0 -0
-0.834702 -0.386822 0 -0
-0.834605 -0.386828 0 -0
-0.834508 -0.386833 0 -0
-0.834413 -0.386837 0 -0
-0.834319 -0.386841 0 -0
-0.834225 -0.386845 0 -0
-0.834133 -0.386848 0 -0
-0.834041 -0.386851 0 -0
-0.833951 -0.386854 0 -0
-0.833861 -0.386856 0 -0
-0.833773 -0.386857 0 -0
-0.833686 -0.386858 0 -0
-0.833601 -0.386859 0 -0
-0.833517 -0.386859 0 -0
-0.833434 -0.386858 0 -0
-0.833353 -0.386858 0 -0
-0.833274 -0.386856 0 -0
-0.833196 -0.386854 0 -0
-0.83312 -0.386852 0 -0
-0.833046 -0.386849 0 -0
-0.832974 -0.386846 0 -0
-0.832904 -0.386842 0 -0
-0.832835 -0.386838 0 -0
-0.832769 -0.386833 0 -0
-0.832705 -0.386827 0 -0
-0.832644 -0.386822 0 -0
-0.832584 -0.386815 0 -0
-0.832527 -0.386808 0 -0
-0.832472 -0.386801 0 -0
-0.832419 -0.386793 0 -0
-0.832368 -0.386784 0 -0
-0.83232 -0.386775 0 -0
-0.832274 -0.386766 0 -0
-0.83223 -0.386756 0 -0
-0.832188 -0.386745 0 -0
-0.832149 -0.386734 0 -0
-0.832111 -0.386723 0 -0
-0.832076 -0.386711 0 -0
-0.832044 -0.386698 0 -0
-0.832013 -0.386685 0 -0
-0.831985 -0.386672 0 -0
-0.831959 -0.386658 0 -0
-0.831934 -0.386643 0 -0
-0.831913 -0.386628 0 -0
-0.831893 -0.386613 0 -0
-0.831875 -0.386597 0 -0
-0.831859 -0.386581 0 -0
-0.831846 -0.386564 0 -0
-0.831834 -0.386547 0 -0
-0.831825 -0.38653 0 -0
-0.831817 -0.386512 0 -0
-0.831812 -0.386493 0 -0
-0.831808 -0.386475 0 -0
-0.831807 -0.386455 0 -0
-0.831807 -0.386436 0 -0
-0.831809 -0.386416 0 -0
-0.831813 -0.386395 0 -0
-0.831819 -0.386374 0 -0
-0.831827 -0.386353 0 -0
-0.831837 -0.386331 0 -0
-0.831849 -0.386309 0 -0
-0.831862 -0.386287 0 -0
-0.831877 -0.386264 0 -0
-0.831894 -0.386241 0 -0
-0.831913 -0.386217 0 -0
-0.831933 -0.386194 0 -0
-0.831955 -0.386169 0 -0
-0.831979 -0.386145 0 -0
-0.832005 -0.38612 0 -0
-0.832032 -0.386094 0 -0
-0.832061 -0.386069 0 -0
-0.832091 -0.386043 0 -0
-0.832123 -0.386017 0 -0
-0.832157 -0.38599 0 -0
-0.832192 -0.385963 0 -0
-0.832229 -0.385936 0 -0
-0.832267 -0.385908 0 -0
-0.832307 -0.38588 0 -0
-0.832349 -0.385852 0 -0
-0.832391 -0.385824 0 -0
-0.832436 -0.385795 0 -0
-0.832482 -0.385766 0 -0
-0.832529 -0.385736 0 -0
-0.832578 -0.385707 0 -0
-0.832628 -0.385677 0 -0
-0.832679 -0.385647 0 -0
-0.832732 -0.385616 0 -0
-0.832787 -0.385585 0 -0
-0.832842 -0.385554 0 -0
-0.832899 -0.385523 0 -0
-0.832957 -0.385492 0 -0
-0.833017 -0.38546 0 -0
-0.833078 -0.385428 0 -0
-0.83314 -0.385395 0 -0
-0.833203 -0.385363 0 -0
-0.833268 -0.38533 0 -0
-0.833334 -0.385297 0 -0
-0.833401 -0.385264 0 -0
-0.833469 -0.38523 0 -0
-0.833539 -0.385197 0 -0
-0.83361 -0.385163 0 -0
-0.833681 -0.385129 0 -0
-0.833754 -0.385094 0 -0
-0.833828 -0.38506 0 -0
-0.833904 -0.385025 0 -0
-0.83398 -0.38499 0 -0
-0.834057 -0.384955 0 -0
-0.834136 -0.38492 0 -0
-0.834215 -0.384884 0 -0
-0.834296 -0.384848 0 -0
-0.834377 -0.384813 0 -0
-0.83446 -0.384776 0 -0
-0.834543 -0.38474 0 -0
-0.834628 -0.384704 0 -0
-0.834714 -0.384667 0 -0
-0.8348 -0.38463 0 -0
-0.834887 -0.384593 0 -0
-0.834976 -0.384556 0 -0
-0.835065 -0.384519 0 -0
-0.835155 -0.384482 0 -0
-0.835246 -0.384444 0 -0
-0.835338 -0.384406 0 -0
-0.835431 -0.384368 0 -0
-0.835525 -0.38433 0 -0
-0.83562 -0.384292 0 -0
-0.835715 -0.384254 0 -0
-0.835811 -0.384216 0 -0
-0.835908 -0.384177 0 -0
-0.836006 -0.384138 0 -0
-0.836105 -0.3841 0 -0
-0.836204 -0.384061 0 -0
-0.836304 -0.384022 0 -0
-0.836405 -0.383982 0 -0
-0.836507 -0.383943 0 -0
-0.836609 -0.383904 0 -0
-0.836712 -0.383864 0 -0
-0.836816 -0.383825 0 -0
-0.83692 -0.383785 0 -0
-0.837025 -0.383745 0 -0
-0.837131 -0.383705 0 -0
-0.837237 -0.383665 0 -0
-0.837345 -0.383625 0 -0
-0.837452 -0.383585 0 -0
-0.837561 -0.383545 0 -0
-0.837669 -0.383504 0 -0
-0.837779 -0.383464 0 -0
-0.837889 -0.383423 0 -0
-0.838 -0.383383 0 -0
-0.838111 -0.383342 0 -0
-0.838223 -0.383302 0 -0
-0.838335 -0.383261 0 -0
-0.838448 -0.38322 0 -0
-0.838561 -0.383179 0 -0
-0.838675 -0.383138 0 -0
-0.83879 -0.383097 0 -0
-0.838905 -0.383056 0 -0
-0.83902 -0.383015 0 -0
-0.839136 -0.382974 0 -0
-0.839251 -0.382933 0 -0
-0.839366 -0.382892 0 -0
-0.839481 -0.382851 0 -0
-0.839595 -0.38281 0 -0
-0.839708 -0.38277 0 -0
-0.839821 -0.38273 0 -0
-0.839934 -0.382689 0 -0
-0.840046 -0.382649 0 -0
-0.840158 -0.382609 0 -0
-0.840269 -0.38257 0 -0
-0.840379 -0.38253 0 -0
-0.84049 -0.38249 0 -0
-0.8406 -0.382451 0 -0
-0.840709 -0.382412 0 -0
-0.840818 -0.382373 0 -0
-0.840926 -0.382334 0 -0
-0.841034 -0.382295 0 -0
-0.841142 -0.382256 0 -0
-0.841249 -0.382218 0 -0
-0.841355 -0.382179 0 -0
-0.841461 -0.382141 0 -0
-0.841567 -0.382103 0 -0
-0.841672 -0.382065 0 -0
-0.841777 -0.382027 0 -0
-0.841881 -0.38199 0 -0
-0.841985 -0.381952 0 -0
-0.842088 -0.381915 0 -0
-0.842191 -0.381878 0 -0
-0.842293 -0.381841 0 -0
-0.842395 -0.381804 0 -0
-0.842496 -0.381767 0 -0
-0.842597 -0.38173 0 -0
-0.842698 -0.381694 0 -0
-0.842798 -0.381657 0 -0
-0.842898 -0.381621 0 -0
-0.842997 -0.381585 0 -0
-0.843096 -0.381549 0 -0
-0.843194 -0.381514 0 -0
-0.843292 -0.381478 0 -0
-0.843389 -0.381442 0 -0
-0.843486 -0.381407 0 -0
-0.843582 -0.381372 0 -0
-0.843678 -0.381337 0 -0
-0.843774 -0.381302 0 -0
-0.843869 -0.381267 0 -0
-0.843964 -0.381233 0 -0
-0.844058 -0.381198 0 -0
-0.844151 -0.381164 0 -0
-0.844245 -0.38113 0 -0
-0.844337 -0.381096 0 -0
-0.84443 -0.381062 0 -0
-0.844522 -0.381028 0 -0
-0.844613 -0.380995 0 -0
-0.844704 -0.380962 0 -0
-0.844795 -0.380928 0 -0
-0.844885 -0.380895 0 -0
-0.844975 -0.380862 0 -0
