0.0005 0.993584 0.00641572 8.01976e-09
0.001 0.999917 8.30534e-05 1.6678e-13
0.0015 0.999704 0.000296408 1.60849e-14
0.002 0.981358 0.0186421 2.38406e-10
0.0025 0.552012 0.447988 2.02499e-07
0.003 0.235198 0.764802 2.02065e-08
0.0035 0.0667691 0.933231 2.92351e-09
0.004 0.0184755 0.981524 1.46858e-10
0.0045 0.00707122 0.992929 6.63344e-11
0.005 0.00393483 0.996065 8.86285e-12
0.0055 0.000595851 0.999404 7.39607e-14
0.006 0.000654631 0.999345 1.64849e-14
0.0065 0.000474562 0.999525 2.83917e-15
0.007 0.0011036 0.998896 1.01599e-14
0.0075 0.00252862 0.997471 6.12494e-15
0.008 0.00424068 0.995759 9.65979e-16
0.0085 0.0112157 0.988784 2.58096e-15
0.009 0.0309218 0.969078 1.281e-14
0.0095 0.0645503 0.93545 8.32837e-14
0.01 0.0890971 0.910903 1.67728e-13
0.0105 0.14852 0.85148 5.95762e-13
0.011 0.259454 0.740546 2.90678e-12
0.0115 0.325163 0.674837 8.23502e-12
0.012 0.440696 0.559304 3.26242e-11
0.0125 0.576899 0.423101 2.23943e-11
0.013 0.68887 0.31113 6.73581e-12
0.0135 0.761147 0.238853 4.28934e-12
0.014 0.833497 0.166503 7.06989e-13
0.0145 0.881608 0.118392 3.77068e-13
0.015 0.927477 0.0725229 8.2479e-14
0.0155 0.949533 0.0504667 2.21913e-14
0.016 0.971527 0.0284729 3.73236e-15
0.0165 0.980696 0.0193038 7.56246e-16
0.017 0.988809 0.0111907 3.3663e-16
0.0175 0.995011 0.00498929 2.89041e-17
0.018 0.997217 0.00278297 7.61923e-18
0.0185 0.998119 0.00188119 1.65671e-18
0.019 0.998868 0.00113216 6.33713e-19
0.0195 0.999395 0.00060514 1.52217e-19
0.02 0.999701 0.000298523 2.72921e-20
0.0205 0.999798 0.000202 8.03337e-21
0.021 0.999903 9.65447e-05 1.32362e-21
0.0215 0.999945 5.48639e-05 4.2678e-22
0.022 0.999964 3.61395e-05 8.90566e-23
0.0225 0.999984 1.63395e-05 1.24633e-23
0.023 0.999991 8.80431e-06 3.36417e-24
0.0235 0.999994 5.6416e-06 6.52148e-25
0.024 0.999997 3.14755e-06 1.99984e-25
0.0245 0.999998 1.67923e-06 2.05761e-26
0.025 0.999999 1.05222e-06 3.81615e-27
0.0255 0.999999 6.31318e-07 2.36977e-27
0.026 1 4.03523e-07 4.66042e-28
0.0265 1 2.55458e-07 8.97754e-29
0.027 1 1.22489e-07 1.642e-29
0.0275 1 7.42942e-08 2.76108e-30
0.028 1 5.7197e-08 1.59985e-30
0.0285 1 2.5738e-08 2.40222e-31
0.029 1 1.49702e-08 3.51774e-32
0.0295 1 8.94481e-09 5.71673e-33
0.03 1 5.54423e-09 1.06827e-33
0.0305 1 3.45282e-09 2.06288e-34
0.031 1 2.72845e-09 1.27571e-34
0.0315 1 1.59178e-09 1.98325e-35
0.032 1 7.28464e-10 3.32536e-36
0.0325 1 4.51687e-10 6.48276e-37
0.033 1 3.96669e-10 5.83631e-37
0.0335 1 2.51677e-10 1.24332e-37
0.034 1 1.5969e-10 2.69538e-38
0.0345 1 1.00559e-10 5.80315e-39
0.035 1 5.88777e-11 9.98241e-40
0.0355 1 4.87206e-11 9.64062e-40
0.036 1 3.08724e-11 2.17775e-40
0.0365 1 1.96544e-11 5.0933e-41
0.037 1 1.25797e-11 1.60963e-41
0.0375 1 7.25905e-12 2.81976e-42
0.038 1 6.26728e-12 3.13192e-42
0.0385 1 4.09697e-12 8.34013e-43
0.039 1 2.71533e-12 3.05054e-43
0.0395 1 1.50003e-12 6.18499e-44
0.04 1 9.99663e-13 1.85051e-44
0.0405 1 9.87566e-13 3.20207e-44
0.041 1 5.34479e-13 6.19365e-45
0.0415 1 3.81782e-13 2.36375e-45
0.042 1 2.83769e-13 1.3048e-45
0.0425 1 1.41316e-13 1.99635e-46
0.043 1 1.0979e-13 1.61543e-46
0.0435 1 6.92917e-14 5.29557e-47
0.044 1 4.41099e-14 1.47564e-47
0.0445 1 2.29606e-14 2.68765e-48
0.045 1 2.24746e-14 4.67061e-48
0.0455 1 1.56179e-14 2.115e-48
0.046 1 8.00355e-15 3.69952e-49
0.0465 1 5.86771e-15 1.69643e-49
0.047 1 2.67146e-15 2.10443e-50
0.0475 1 2.07347e-15 1.79062e-50
0.048 1 9.29107e-16 4.84514e-51
0.0485 1 5.88851e-16 1.65773e-51
0.049 1 2.97032e-16 2.83009e-52
0.0495 1 2.04255e-16 1.24955e-52
0.05 1 2.31172e-16 3.57035e-52
0.0505 1 1.18176e-16 6.35694e-53
0.051 1 6.8386e-17 1.65217e-53
0.0515 1 4.84108e-17 7.89549e-54
0.052 1 2.12204e-17 1.7368e-54
0.0525 1 2.19125e-17 3.77648e-54
0.053 1 1.80212e-17 2.74989e-54
0.0535 1 1.00896e-17 6.39561e-55
0.054 1 9.00485e-18 5.89971e-55
0.0545 1 8.74988e-18 6.96451e-55
0.055 1 5.42572e-18 6.6106e-55
0.0555 1 5.8428e-18 1.00214e-54
0.056 1 6.80741e-18 1.89758e-54
0.0565 1 5.41438e-18 1.1786e-54
0.057 1 2.8254e-18 3.98437e-55
0.0575 1 3.23756e-18 6.87312e-55
0.058 1 4.95024e-18 4.22342e-54
0.0585 1 3.24057e-18 1.42988e-54
0.059 1 3.49287e-18 3.47673e-54
0.0595 1 4.84743e-18 9.73503e-54
0.06 1 4.28631e-18 7.52177e-54
0.0605 1 4.8485e-18 1.86185e-53
0.061 1 7.65187e-18 1.14215e-52
0.0615 1 1.21654e-17 4.42001e-52
0.062 1 7.21829e-18 1.61216e-52
0.0625 1 1.08594e-17 4.715e-52
0.063 1 1.66889e-17 1.58063e-51
0.0635 1 2.60795e-17 5.5478e-51
0.064 1 4.20248e-17 4.6598e-50
0.0645 1 3.29596e-17 2.27838e-50
0.065 1 5.36349e-17 8.5556e-50
0.0655 1 7.95855e-17 3.25279e-49
0.066 1 1.31393e-16 1.24037e-48
0.0665 1 2.16354e-16 4.70372e-48
0.067 1 1.84056e-16 5.477e-48
0.0675 1 3.06903e-16 2.06917e-47
0.068 1 5.07596e-16 6.46006e-47
0.0685 1 7.84661e-16 2.31051e-46
0.069 1 1.27931e-15 8.01461e-46
0.0695 1 2.05637e-15 2.68499e-45
0.07 1 3.14667e-15 8.65793e-45
0.0705 1 5.48283e-15 5.49956e-44
0.071 1 4.80537e-15 3.31599e-44
0.0715 1 7.31519e-15 9.91446e-44
0.072 1 1.12559e-14 2.25726e-43
0.0725 1 1.70024e-14 6.13224e-43
0.073 1 2.52349e-14 1.59442e-42
0.0735 1 4.08423e-14 7.85308e-42
0.074 1 5.91791e-14 1.86716e-41
0.0745 1 8.54039e-14 4.27101e-41
0.075 1 1.206e-13 7.24371e-41
0.0755 1 1.11299e-13 4.80787e-41
0.076 1 1.76421e-13 2.00734e-40
0.0765 1 2.45155e-13 4.14349e-40
0.077 1 3.35834e-13 8.3041e-40
0.0775 1 4.74775e-13 1.61989e-39
0.078 1 4.96022e-13 2.14594e-39
0.0785 1 6.71269e-13 3.08407e-39
0.079 1 9.49828e-13 5.74821e-39
0.0795 1 1.26503e-12 1.05259e-38
0.08 1 1.18068e-12 7.01807e-39
0.0805 1 1.91257e-12 2.58873e-38
0.081 1 2.53588e-12 3.40673e-38
0.0815 1 2.55923e-12 2.22003e-38
0.082 1 3.35981e-12 3.91415e-38
0.0825 1 3.65969e-12 5.45263e-38
0.083 1 5.26595e-12 9.71121e-38
0.0835 1 5.82772e-12 1.04381e-37
0.084 1 6.08442e-12 7.03472e-38
0.0845 1 8.9602e-12 1.65895e-37
0.085 1 9.38026e-12 1.55239e-37
0.0855 1 1.17533e-11 3.4002e-37
0.086 1 1.99125e-11 8.65818e-37
0.0865 1 1.85589e-11 5.5006e-37
0.087 1 2.65385e-11 1.27081e-36
0.0875 1 3.41432e-11 1.08195e-36
0.088 1 4.90466e-11 3.16557e-36
0.0885 1 6.63565e-11 2.1862e-36
0.089 1 9.02753e-11 3.10182e-36
0.0895 1 1.31278e-10 4.41325e-36
0.09 1 2.30853e-10 6.87625e-36
0.0905 1 2.28819e-10 7.1424e-36
0.091 1 3.42875e-10 1.62953e-35
0.0915 1 3.18913e-10 9.39936e-36
0.092 1 4.11098e-10 1.77541e-35
0.0925 1 4.02198e-10 1.36453e-35
0.093 1 5.08456e-10 3.82631e-35
0.0935 1 4.4777e-10 2.32301e-35
0.094 1 5.45486e-10 2.7688e-35
0.0945 1 5.49139e-10 3.97433e-35
0.095 1 6.15984e-10 5.55558e-35
0.0955 1 5.16563e-10 4.22826e-35
0.096 1 6.78785e-10 8.09452e-35
0.0965 1 6.4076e-10 4.98485e-35
0.097 1 7.3413e-10 8.74651e-35
0.0975 1 7.80787e-10 9.48472e-35
0.098 1 6.45106e-10 6.3438e-35
0.0985 1 6.40877e-10 6.49304e-35
0.099 1 6.92516e-10 7.11092e-35
0.0995 1 6.32129e-10 7.61425e-35
0.1 1 5.23809e-10 5.06248e-35
0.1005 1 6.29559e-10 1.22457e-34
0.101 1 5.15208e-10 7.34207e-35
0.1015 1 3.72388e-10 3.37817e-35
0.102 1 4.13008e-10 7.07067e-35
0.1025 1 3.25198e-10 4.70284e-35
0.103 1 2.54095e-10 2.66291e-35
0.1035 1 2.3967e-10 3.9383e-35
0.104 1 2.13419e-10 3.92847e-35
0.1045 1 2.04773e-10 5.79502e-35
0.105 1 1.51456e-10 3.47884e-35
0.1055 1 1.13625e-10 2.19031e-35
0.106 1 1.07152e-10 3.26568e-35
0.1065 1 9.007e-11 3.72273e-35
0.107 1 6.84215e-11 2.28257e-35
0.1075 1 6.34018e-11 3.43076e-35
0.108 1 4.97725e-11 2.7834e-35
0.1085 1 3.44375e-11 1.77227e-35
0.109 1 3.84559e-11 3.76772e-35
0.1095 1 2.86424e-11 3.65063e-35
0.11 1 2.03035e-11 2.42418e-35
0.1105 1 2.51242e-11 6.05773e-35
0.111 1 1.63455e-11 4.23604e-35
0.1115 1 1.55287e-11 6.88326e-35
0.112 1 1.38323e-11 6.88326e-35
0.1125 1 1.01314e-11 7.16774e-35
0.113 1 1.23281e-11 2.0849e-34
0.1135 1 8.36474e-12 1.81267e-34
0.114 1 8.29973e-12 2.94215e-34
0.1145 1 7.24337e-12 3.54346e-34
0.115 1 5.46472e-12 4.3317e-34
0.1155 1 5.37719e-12 7.03829e-34
0.116 1 4.64031e-12 8.56427e-34
0.1165 1 4.81765e-12 2.5081e-33
0.117 1 3.78882e-12 2.31905e-33
0.1175 1 3.23431e-12 2.8482e-33
0.118 1 3.33876e-12 8.35069e-33
0.1185 1 2.85222e-12 9.7976e-33
0.119 1 3.06186e-12 2.20426e-32
0.1195 1 2.94771e-12 3.60646e-32
0.12 1 2.71715e-12 5.18844e-32
0.1205 1 2.68691e-12 9.51368e-32
0.121 1 2.38647e-12 1.96773e-31
0.1215 1 2.57589e-12 4.1642e-31
0.122 1 2.15488e-12 6.49242e-31
0.1225 1 2.41629e-12 1.88629e-30
0.123 1 2.65331e-12 2.7271e-30
0.1235 1 2.21998e-12 4.26039e-30
0.124 1 2.48627e-12 1.23084e-29
0.1245 1 2.44933e-12 2.08702e-29
0.125 1 2.38615e-12 4.66657e-29
0.1255 1 2.74939e-12 1.14674e-28
0.126 1 3.16896e-12 2.72241e-28
0.1265 1 2.63321e-12 3.48815e-28
0.127 1 2.67571e-12 6.2501e-28
0.1275 1 3.08784e-12 2.26444e-27
0.128 1 3.08784e-12 2.90956e-27
0.1285 1 3.64065e-12 7.0425e-27
0.129 1 3.8214e-12 2.04341e-26
0.1295 1 3.62178e-12 4.15151e-26
0.13 1 4.49798e-12 7.3842e-26
0.1305 1 5.38322e-12 2.29777e-25
0.131 1 5.82206e-12 6.80235e-25
0.1315 1 4.82638e-12 6.80235e-25
0.132 1 5.76695e-12 2.05396e-24
0.1325 1 7.8146e-12 4.21939e-24
0.133 1 6.97774e-12 6.25559e-24
0.1335 1 7.75355e-12 1.87533e-23
0.134 1 9.34309e-12 4.2746e-23
0.1345 1 9.34309e-12 5.51659e-23
0.135 1 1.13593e-11 1.88948e-22
0.1355 1 1.29197e-11 3.77239e-22
0.136 1 1.86624e-11 1.07326e-21
0.1365 1 1.56341e-11 1.07326e-21
0.137 1 1.90308e-11 3.48946e-21
0.1375 1 2.20739e-11 8.94007e-21
0.138 1 2.32875e-11 9.81368e-21
0.1385 1 2.67369e-11 2.43067e-20
0.139 1 3.24966e-11 7.45491e-20
0.1395 1 3.8283e-11 1.46866e-19
0.14 1 3.96131e-11 1.98462e-19
0.1405 1 4.84018e-11 4.10418e-19
0.141 1 5.60819e-11 9.75814e-19
0.1415 1 5.92428e-11 1.52173e-18
0.142 1 6.80028e-11 2.76942e-18
0.1425 1 8.25118e-11 6.87912e-18
0.143 1 1.13961e-10 1.27136e-17
0.1435 1 1.00136e-10 1.67959e-17
0.144 1 1.16959e-10 3.79368e-17
0.1445 1 1.40857e-10 7.11242e-17
0.145 1 1.98012e-10 1.62942e-16
0.1455 1 1.69471e-10 1.62942e-16
0.146 1 2.03629e-10 3.64916e-16
0.1465 1 2.78867e-10 7.75898e-16
0.147 1 3.32163e-10 1.37209e-15
0.1475 1 2.92444e-10 1.71195e-15
0.148 1 3.94822e-10 2.88741e-15
0.1485 1 4.68223e-10 5.95073e-15
0.149 1 5.53874e-10 1.2014e-14
0.1495 1 4.78473e-10 1.2014e-14
0.15 1 6.53414e-10 2.37677e-14
0.1505 1 7.68607e-10 3.93154e-14
0.151 1 8.95071e-10 7.45494e-14
0.1515 1 9.01328e-10 8.76552e-14
0.152 1 1.05356e-09 1.41323e-13
0.1525 1 1.21789e-09 2.57707e-13
0.153 1 1.61172e-09 4.04496e-13
0.1535 1 1.42485e-09 4.70935e-13
0.154 1 1.63575e-09 8.2814e-13
0.1545 1 2.14482e-09 1.26932e-12
0.155 1 2.46157e-09 2.19108e-12
0.1555 1 2.18123e-09 2.20918e-12
0.156 1 2.8153e-09 3.71968e-12
0.1565 1 3.2086e-09 6.21288e-12
0.157 1 3.64403e-09 9.09003e-12
0.1575 1 4.63342e-09 1.47893e-11
0.158 1 4.12409e-09 1.47893e-11
0.1585 1 4.65124e-09 2.37045e-11
0.159 1 5.85715e-09 3.35416e-11
0.1595 1 6.54135e-09 5.23484e-11
0.16 1 5.82523e-09 5.79618e-11
0.1605 1 7.28034e-09 8.05759e-11
0.161 1 8.07595e-09 1.22386e-10
0.1615 1 8.93007e-09 1.66357e-10
0.162 1 1.09239e-08 2.47396e-10
0.1625 1 9.81219e-09 2.70821e-10
0.163 1 1.07847e-08 3.6212e-10
0.1635 1 1.30989e-08 5.26146e-10
0.164 1 1.43152e-08 6.92165e-10
0.1645 1 1.56743e-08 9.92855e-10
0.165 1 1.4111e-08 1.07622e-09
0.1655 1 1.69931e-08 1.39773e-09
0.166 1 1.84673e-08 1.95853e-09
0.1665 1 1.99883e-08 2.50362e-09
0.167 1 2.36827e-08 3.44594e-09
0.1675 1 2.14961e-08 3.43058e-09
0.168 1 2.31892e-08 4.68485e-09
0.1685 1 2.73974e-08 6.35094e-09
0.169 1 2.95066e-08 7.95074e-09
0.1695 1 3.17719e-08 1.06656e-08
0.17 1 3.2244e-08 1.08321e-08
0.1705 1 3.45632e-08 1.43714e-08
0.171 1 3.70566e-08 1.89575e-08
0.1715 1 4.32065e-08 2.32822e-08
0.172 1 4.17396e-08 2.61483e-08
0.1725 1 4.26519e-08 3.04692e-08
0.173 1 4.97448e-08 3.9679e-08
0.1735 1 5.34401e-08 5.14341e-08
0.174 1 5.74656e-08 6.25044e-08
0.1745 1 5.91431e-08 6.83026e-08
0.175 1 6.33531e-08 8.24361e-08
0.1755 1 6.79451e-08 1.05239e-07
0.176 1 7.86543e-08 1.26434e-07
0.1765 1 7.77819e-08 1.42418e-07
0.177 1 8.31901e-08 1.7945e-07
0.1775 1 9.5957e-08 2.13857e-07
0.178 1 1.02902e-07 2.68296e-07
0.1785 1 1.05702e-07 2.95182e-07
0.179 1 1.12907e-07 3.66835e-07
0.1795 0.999999 1.29896e-07 4.54589e-07
0.18 0.999999 1.39459e-07 5.19928e-07
0.1805 0.999999 1.48513e-07 6.3802e-07
0.181 0.999999 1.7015e-07 7.46446e-07
0.1815 0.999999 1.81799e-07 9.13229e-07
0.182 0.999999 1.84301e-07 1.03034e-06
0.1825 0.999999 2.10453e-07 1.19717e-06
0.183 0.999998 2.2437e-07 1.44914e-06
0.1835 0.999998 2.26432e-07 1.55638e-06
0.184 0.999998 2.40571e-07 1.86926e-06
0.1845 0.999997 2.74385e-07 2.24069e-06
0.185 0.999997 2.92595e-07 2.58276e-06
0.1855 0.999997 2.92462e-07 2.84728e-06
0.186 0.999996 3.32774e-07 3.26454e-06
0.1865 0.999996 3.54357e-07 3.87793e-06
0.187 0.999995 3.52781e-07 4.23923e-06
0.1875 0.999995 3.74574e-07 4.83603e-06
0.188 0.999994 4.26067e-07 5.69806e-06
0.1885 0.999994 4.22564e-07 5.99308e-06
0.189 0.999993 4.4824e-07 7.01808e-06
0.1895 0.999991 5.08954e-07 8.20762e-06
0.19 0.999991 5.02917e-07 8.59389e-06
0.1905 0.999989 5.33073e-07 9.99315e-06
0.191 0.999988 5.66222e-07 1.16072e-05
0.1915 0.999987 5.95096e-07 1.21029e-05
0.192 0.999985 6.30403e-07 1.3983e-05
0.1925 0.999984 6.692e-07 1.57277e-05
0.193 0.999983 6.54306e-07 1.67626e-05
0.1935 0.99998 7.41634e-07 1.92518e-05
0.194 0.999978 7.86897e-07 2.15733e-05
0.1945 0.999976 7.66977e-07 2.28611e-05
0.195 0.999974 8.12074e-07 2.55236e-05
0.1955 0.99997 9.2097e-07 2.91579e-05
0.196 0.999968 8.94949e-07 3.07347e-05
0.1965 0.999965 9.47303e-07 3.41993e-05
0.197 0.99996 1.00475e-06 3.8871e-05
0.1975 0.999958 1.0398e-06 4.0772e-05
0.198 0.999954 1.10039e-06 4.52231e-05
0.1985 0.999952 1.06357e-06 4.74144e-05
0.199 0.999945 1.12347e-06 5.3416e-05
0.1995 0.999941 1.23968e-06 5.78389e-05
0.2 0.999939 1.1891e-06 6.01492e-05
0.2005 0.999932 1.26102e-06 6.65212e-05
0.201 0.999924 1.33984e-06 7.48803e-05
0.2015 0.999921 1.37138e-06 7.75522e-05
0.202 0.999913 1.45397e-06 8.55121e-05
0.2025 0.999903 1.54437e-06 9.58581e-05
0.203 0.9999 1.46867e-06 9.88962e-05
0.2035 0.99989 1.55718e-06 0.000108727
0.204 0.999886 1.58936e-06 0.00011215
0.2045 0.999874 1.68151e-06 0.000124777
0.205 0.999861 1.78209e-06 0.000136779
0.2055 0.999858 1.68619e-06 0.000140559
0.206 0.999842 1.78374e-06 0.000155797
0.2065 0.99984 1.81474e-06 0.000157822
0.207 0.999824 1.91542e-06 0.00017435
0.2075 0.999805 2.02492e-06 0.000192539
0.208 0.999804 1.90563e-06 0.000194471
0.2085 0.999784 2.01065e-06 0.000214055
0.209 0.999765 2.28657e-06 0.000232572
0.2095 0.999761 2.14524e-06 0.000237194
0.21 0.999738 2.26148e-06 0.000260144
0.2105 0.999738 2.09587e-06 0.000260144
0.211 0.999713 2.21346e-06 0.000285208
0.2115 0.999685 2.34317e-06 0.000312565
0.212 0.999685 2.34774e-06 0.000313005
0.2125 0.999656 2.47918e-06 0.000341952
0.213 0.999652 2.30856e-06 0.000345952
0.2135 0.999625 2.43568e-06 0.000372904
0.214 0.999591 2.57488e-06 0.000405987
0.2145 0.999588 2.39407e-06 0.000409402
0.215 0.999556 2.54278e-06 0.000441838
0.2155 0.999553 2.52779e-06 0.000444291
0.216 0.999515 2.67341e-06 0.000481987
0.2165 0.999479 2.83205e-06 0.000517845
0.217 0.999478 2.62262e-06 0.000519123
0.2175 0.999436 2.7746e-06 0.000561332
0.218 0.99944 2.57144e-06 0.000557433
0.2185 0.99939 2.75605e-06 0.000606766
0.219 0.999341 3.12025e-06 0.000655645
0.2195 0.999349 2.87793e-06 0.000647866
0.22 0.999299 3.04985e-06 0.000698103
0.2205 0.999302 2.81513e-06 0.000695181
0.221 0.999256 2.98122e-06 0.00074124
0.2215 0.999187 3.23976e-06 0.000809729
0.222 0.999195 2.97554e-06 0.000802312
0.2225 0.999142 3.16157e-06 0.000855135
0.223 0.99915 2.90583e-06 0.000847206
0.2235 0.99909 3.0852e-06 0.000907331
0.224 0.999011 3.38522e-06 0.000985214
0.2245 0.999025 3.09612e-06 0.00097143
0.225 0.998957 3.48833e-06 0.00103973
0.2255 0.998979 3.1938e-06 0.00101788
0.226 0.99891 3.39475e-06 0.00108671
0.2265 0.998926 3.1106e-06 0.00107069
0.227 0.998837 3.42088e-06 0.00115986
0.2275 0.998759 3.64675e-06 0.00123756
0.228 0.998783 3.32543e-06 0.00121386
0.2285 0.998712 3.5417e-06 0.00128416
0.229 0.998737 3.23232e-06 0.00125971
0.2295 0.998622 3.58581e-06 0.00137471
0.23 0.998582 3.67347e-06 0.00141475
0.2305 0.998577 3.4788e-06 0.00141993
0.231 0.998529 3.56044e-06 0.00146696
0.2315 0.99853 3.38607e-06 0.00146696
0.232 0.998443 3.60869e-06 0.00155332
0.2325 0.998352 3.84852e-06 0.00164438
0.233 0.998402 3.49502e-06 0.00159442
0.2335 0.998312 3.72214e-06 0.00168416
0.234 0.998304 3.54876e-06 0.00169274
0.2345 0.998267 3.62606e-06 0.00172948
0.235 0.998266 3.43563e-06 0.00173058
0.2355 0.998222 3.50715e-06 0.00177409
0.236 0.99814 3.729e-06 0.00185618
0.2365 0.998131 3.40465e-06 0.00186546
0.237 0.998087 3.48056e-06 0.00190937
0.2375 0.998091 3.29355e-06 0.00190531
0.238 0.998058 3.36539e-06 0.00193886
0.2385 0.997949 3.62449e-06 0.00204737
0.239 0.997958 3.42382e-06 0.00203873
0.2395 0.997925 3.49964e-06 0.00207198
0.24 0.997933 3.30811e-06 0.00206337
0.2405 0.997823 3.56485e-06 0.00217392
0.241 0.997735 3.6389e-06 0.00226115
0.2415 0.997804 3.30161e-06 0.00219313
0.242 0.99771 3.50922e-06 0.00228637
0.2425 0.997787 3.18999e-06 0.00221021
0.243 0.997673 3.44291e-06 0.0023236
0.2435 0.997579 3.6572e-06 0.00241734
0.244 0.997662 3.19497e-06 0.0023348
0.2445 0.997572 3.39094e-06 0.00242437
0.245 0.997563 3.26125e-06 0.00243325
0.2455 0.99747 3.46515e-06 0.00252622
0.246 0.997448 3.53699e-06 0.00254825
0.2465 0.99747 3.21601e-06 0.00252675
0.247 0.997347 3.48463e-06 0.0026498
0.2475 0.997326 3.5613e-06 0.00267073
0.248 0.997353 3.35649e-06 0.00264327
0.2485 0.997263 3.43416e-06 0.00273316
0.249 0.997264 3.31255e-06 0.00273316
0.2495 0.997239 3.38107e-06 0.00275749
0.25 0.997151 3.46138e-06 0.0028455
0.2505 0.99719 3.26772e-06 0.00280666
0.251 0.997172 3.32979e-06 0.00282458
0.2515 0.997042 3.4966e-06 0.00295443
0.252 0.997079 3.29473e-06 0.00291776
0.2525 0.997071 3.24991e-06 0.00292576
0.253 0.996989 3.43993e-06 0.00300718
0.2535 0.996981 3.22086e-06 0.00301623
0.254 0.996906 3.41431e-06 0.00309032
0.2545 0.996896 3.37091e-06 0.00310087
0.255 0.996939 3.07379e-06 0.0030576
0.2555 0.996807 3.34923e-06 0.00318954
0.256 0.996736 3.4393e-06 0.00326094
0.2565 0.996857 3.01963e-06 0.00313962
0.257 0.996783 3.10061e-06 0.00321359
0.2575 0.996656 3.28807e-06 0.00334074
0.258 0.996781 2.89053e-06 0.00321605
0.2585 0.996712 2.97002e-06 0.00328532
0.259 0.996642 3.05461e-06 0.00335533
0.2595 0.996655 3.029e-06 0.00334159
0.26 0.996647 2.77837e-06 0.00335069
0.2605 0.996582 2.86065e-06 0.00341536
0.261 0.996526 2.86804e-06 0.00347132
0.2615 0.99666 2.52528e-06 0.00333715
0.262 0.996529 2.62673e-06 0.0034685
0.2625 0.99647 2.63941e-06 0.00352768
0.263 0.996419 2.65711e-06 0.00357806
0.2635 0.996563 2.21847e-06 0.00343507
0.264 0.99643 2.32626e-06 0.00356755
0.2645 0.996386 2.23274e-06 0.00361177
0.265 0.996333 2.20664e-06 0.00366451
0.2655 0.99636 2.05598e-06 0.00363789
0.266 0.996439 1.70065e-06 0.00355896
0.2665 0.996315 1.64387e-06 0.00368379
0.267 0.996269 1.49792e-06 0.0037292
0.2675 0.996304 1.2953e-06 0.00369517
0.268 0.996266 1.14496e-06 0.00373334
0.2685 0.996266 9.00653e-07 0.00373335
0.269 0.996228 7.93666e-07 0.00377073
0.2695 0.996192 6.79147e-07 0.00380727
0.27 0.99624 5.54533e-07 0.00375928
0.2705 0.99622 5.54913e-07 0.0037798
0.271 0.996081 6.56336e-07 0.00391789
0.2715 0.996184 6.22397e-07 0.00381572
0.272 0.996239 6.69458e-07 0.00376076
0.2725 0.996226 7.4591e-07 0.00377306
0.273 0.996207 8.29408e-07 0.00379175
0.2735 0.996074 9.71985e-07 0.00392479
0.274 0.996138 1.0364e-06 0.00386049
0.2745 0.996137 1.1425e-06 0.00386224
0.275 0.996128 1.25683e-06 0.0038707
0.2755 0.99624 1.18812e-06 0.00375874
0.276 0.996114 1.37974e-06 0.00388498
0.2765 0.99619 1.45557e-06 0.0038082
0.277 0.996198 1.58823e-06 0.00380016
0.2775 0.996201 1.72975e-06 0.00379749
0.278 0.996282 1.81428e-06 0.00371639
0.2785 0.996158 2.09017e-06 0.00384022
0.279 0.996177 2.25845e-06 0.00382121
0.2795 0.99619 2.43562e-06 0.0038077
0.28 0.996205 2.62174e-06 0.00379258
0.2805 0.996299 2.71908e-06 0.00369868
0.281 0.996177 3.1069e-06 0.0038201
0.2815 0.996208 3.31878e-06 0.00378896
0.282 0.996233 3.53925e-06 0.00376311
0.2825 0.99626 3.76802e-06 0.00373575
0.283 0.996365 3.86856e-06 0.00363116
0.2835 0.996247 4.38698e-06 0.00374826
0.284 0.99629 4.63666e-06 0.00370566
0.2845 0.996327 4.8921e-06 0.00366815
0.285 0.996365 5.15283e-06 0.00362935
0.2855 0.996372 5.8984e-06 0.00362202
0.286 0.996419 6.16991e-06 0.00357517
0.2865 0.996303 6.93304e-06 0.00369025
0.287 0.996353 7.22868e-06 0.00363928
0.2875 0.996411 7.52481e-06 0.00358125
0.288 0.996533 7.57732e-06 0.00345965
0.2885 0.996588 7.85038e-06 0.00340372
0.289 0.996546 9.04586e-06 0.00344516
0.2895 0.996434 1.00764e-05 0.00355551
0.29 0.996498 1.03707e-05 0.00349201
0.2905 0.996561 1.06574e-05 0.00342804
0.291 0.996592 1.17576e-05 0.00339653
0.2915 0.996661 1.20121e-05 0.00332672
0.292 0.996731 1.22539e-05 0.00325679
0.2925 0.996626 1.35411e-05 0.00336018
0.293 0.996599 1.51923e-05 0.0033861
0.2935 0.996675 1.54034e-05 0.0033092
0.294 0.996715 1.66687e-05 0.00326787
0.2945 0.996796 1.68059e-05 0.0031867
0.295 0.996877 1.69204e-05 0.00310604
0.2955 0.996866 1.86288e-05 0.00311577
0.296 0.996762 2.03985e-05 0.00321728
0.2965 0.996751 2.23297e-05 0.00322633
0.297 0.996841 2.2295e-05 0.00313654
0.2975 0.996835 2.42325e-05 0.00314047
0.298 0.99692 2.40959e-05 0.00305606
0.2985 0.996976 2.5302e-05 0.00299852
0.299 0.99707 2.50366e-05 0.00290533
0.2995 0.997074 2.68227e-05 0.00289868
0.3 0.996871 3.15209e-05 0.00309736
0.3005 0.996974 3.09926e-05 0.00299487
0.301 0.996982 3.29046e-05 0.00298477
0.3015 0.996985 3.47979e-05 0.00298045
0.302 0.99709 3.40017e-05 0.00287562
0.3025 0.997097 3.57324e-05 0.00286718
0.303 0.997113 3.74105e-05 0.00284929
0.3035 0.997124 3.90222e-05 0.00283726
0.304 0.997144 4.05556e-05 0.00281544
0.3045 0.997158 4.20062e-05 0.00279987
0.305 0.99696 4.81975e-05 0.00299229
0.3055 0.996976 4.96253e-05 0.00297447
0.306 0.996994 5.09191e-05 0.00295487
0.3065 0.997015 5.20691e-05 0.0029334
0.307 0.997037 5.30665e-05 0.00291014
0.3075 0.99706 5.50059e-05 0.00288515
0.308 0.997086 5.56982e-05 0.00285828
0.3085 0.997017 5.96684e-05 0.00292338
0.309 0.997048 5.99297e-05 0.00289191
0.3095 0.996983 6.34879e-05 0.00295379
0.31 0.99701 6.32251e-05 0.00292709
0.3105 0.996948 6.75486e-05 0.00298459
0.311 0.996879 7.02885e-05 0.00305044
0.3115 0.996824 7.26631e-05 0.00310309
0.312 0.996761 7.46392e-05 0.0031641
0.3125 0.996592 7.98728e-05 0.00332822
