0.52 -0.22
0.519981 -0.220004
0.519942 -0.220012
0.519884 -0.220024
0.519808 -0.220039
0.519713 -0.220058
0.519599 -0.220081
0.519468 -0.220108
0.519319 -0.220137
0.519152 -0.220169
0.518969 -0.220205
0.518769 -0.220242
0.518553 -0.220282
0.518322 -0.220324
0.518075 -0.220368
0.517814 -0.220413
0.51754 -0.220459
0.517253 -0.220506
0.516954 -0.220552
0.516644 -0.220599
0.516323 -0.220645
0.515994 -0.22069
0.515656 -0.220735
0.515312 -0.220778
0.514963 -0.22082
0.514609 -0.220861
0.514252 -0.2209
0.513893 -0.220939
0.513533 -0.220977
0.513173 -0.221015
0.512813 -0.221052
0.512456 -0.221091
0.5121 -0.22113
0.511746 -0.221171
0.511395 -0.221214
0.511045 -0.221259
0.510697 -0.221307
0.510351 -0.221357
0.510005 -0.22141
0.509659 -0.221466
0.509313 -0.221525
0.508965 -0.221587
0.508616 -0.221651
0.508264 -0.221718
0.50791 -0.221788
0.507551 -0.221859
0.50719 -0.221933
0.506824 -0.222009
0.506454 -0.222087
0.506081 -0.222166
0.505704 -0.222248
0.505323 -0.22233
0.504939 -0.222414
0.504553 -0.2225
0.504164 -0.222587
0.503773 -0.222675
0.503381 -0.222764
0.502988 -0.222854
0.502595 -0.222946
0.502202 -0.223038
0.50181 -0.22313
0.50142 -0.223223
0.501031 -0.223317
0.500645 -0.223411
0.500262 -0.223505
0.499881 -0.223598
0.499504 -0.223692
0.499132 -0.223785
0.498763 -0.223877
0.4984 -0.223968
0.498041 -0.224059
0.497687 -0.224148
0.497338 -0.224235
0.496996 -0.224322
0.496658 -0.224406
0.496327 -0.224489
0.496002 -0.224569
0.495682 -0.224648
0.495368 -0.224725
0.49506 -0.224799
0.494758 -0.224872
0.494461 -0.224942
0.49417 -0.225011
0.493884 -0.225077
0.493602 -0.225142
0.493326 -0.225205
0.493053 -0.225266
0.492785 -0.225325
0.49252 -0.225384
0.492258 -0.225441
0.491999 -0.225497
0.491742 -0.225553
0.491487 -0.225608
0.491233 -0.225663
0.49098 -0.225717
0.490728 -0.225772
0.490475 -0.225827
0.490222 -0.225882
0.489968 -0.225939
0.489712 -0.225996
0.489455 -0.226054
0.489196 -0.226113
0.488934 -0.226174
0.48867 -0.226236
0.488403 -0.2263
0.488133 -0.226366
0.487859 -0.226434
0.487582 -0.226503
0.487302 -0.226575
0.487018 -0.226649
0.48673 -0.226724
0.486439 -0.226802
0.486143 -0.226883
0.485844 -0.226965
0.485542 -0.22705
0.485235 -0.227136
0.484925 -0.227225
0.484612 -0.227317
0.484295 -0.22741
0.483975 -0.227506
0.483651 -0.227604
0.483325 -0.227703
0.482995 -0.227805
0.482663 -0.227909
0.482328 -0.228016
0.481991 -0.228124
0.481652 -0.228234
0.48131 -0.228346
0.480967 -0.228459
0.480622 -0.228575
0.480275 -0.228692
0.479926 -0.228811
0.479577 -0.228932
0.479226 -0.229055
0.478874 -0.229179
0.478522 -0.229304
0.478168 -0.229432
0.477814 -0.22956
0.477459 -0.229691
0.477104 -0.229822
0.476748 -0.229955
0.476392 -0.23009
0.476036 -0.230226
0.47568 -0.230363
0.475324 -0.230501
0.474967 -0.230641
0.474611 -0.230782
0.474254 -0.230924
0.473898 -0.231068
0.473542 -0.231212
0.473186 -0.231358
0.47283 -0.231504
0.472474 -0.231652
0.472119 -0.231801
0.471764 -0.23195
0.471409 -0.232101
0.471055 -0.232252
0.470701 -0.232404
0.470347 -0.232557
0.469994 -0.23271
0.469642 -0.232865
0.46929 -0.233019
0.468938 -0.233174
0.468587 -0.23333
0.468237 -0.233486
0.467888 -0.233642
0.467539 -0.233798
0.467191 -0.233954
0.466844 -0.23411
0.466498 -0.234266
0.466152 -0.234421
0.465808 -0.234577
0.465465 -0.234732
0.465122 -0.234886
0.464781 -0.235039
0.464441 -0.235192
0.464102 -0.235344
0.463764 -0.235495
0.463427 -0.235645
0.463092 -0.235794
0.462758 -0.235942
0.462425 -0.236089
0.462093 -0.236235
0.461763 -0.236379
0.461434 -0.236522
0.461107 -0.236663
0.460781 -0.236804
0.460456 -0.236942
0.460133 -0.23708
0.459811 -0.237216
0.459491 -0.23735
0.459172 -0.237483
0.458854 -0.237615
0.458538 -0.237745
0.458223 -0.237874
0.45791 -0.238002
0.457598 -0.238128
0.457288 -0.238252
0.456978 -0.238376
0.45667 -0.238498
0.456364 -0.238618
0.456059 -0.238738
0.455755 -0.238856
0.455452 -0.238972
0.455151 -0.239088
0.454851 -0.239203
0.454552 -0.239316
0.454254 -0.239428
0.453958 -0.23954
0.453662 -0.23965
0.453368 -0.239759
0.453074 -0.239868
0.452781 -0.239976
0.45249 -0.240083
0.452199 -0.240189
0.451908 -0.240295
0.451619 -0.2404
0.45133 -0.240505
0.451041 -0.24061
0.450753 -0.240714
0.450464 -0.240819
0.450176 -0.240924
0.449888 -0.241029
0.4496 -0.241134
0.449311 -0.24124
0.449021 -0.241347
0.448731 -0.241454
0.44844 -0.241563
0.448148 -0.241673
0.447854 -0.241784
0.447559 -0.241898
0.447262 -0.242013
0.446963 -0.24213
0.446662 -0.242249
0.446359 -0.242371
0.446053 -0.242496
0.445744 -0.242624
0.445433 -0.242754
0.445118 -0.242888
0.4448 -0.243025
0.444479 -0.243166
0.444154 -0.24331
0.443825 -0.243458
0.443493 -0.24361
0.443157 -0.243766
0.442817 -0.243926
0.442473 -0.24409
0.442125 -0.244259
0.441773 -0.244431
0.441417 -0.244608
0.441056 -0.244789
0.440692 -0.244975
0.440323 -0.245164
0.43995 -0.245358
0.439573 -0.245557
0.439192 -0.24576
0.438807 -0.245967
0.438418 -0.246178
0.438024 -0.246394
0.437627 -0.246614
0.437225 -0.246839
0.43682 -0.247067
0.43641 -0.2473
0.435997 -0.247537
0.43558 -0.247778
0.435159 -0.248024
0.434734 -0.248273
0.434305 -0.248527
0.433873 -0.248784
0.433437 -0.249046
0.432998 -0.249312
0.432554 -0.249581
0.432108 -0.249855
0.431658 -0.250132
0.431204 -0.250414
0.430747 -0.250699
0.430287 -0.250987
0.429823 -0.25128
0.429356 -0.251576
0.428886 -0.251876
0.428413 -0.25218
0.427937 -0.252487
0.427458 -0.252797
0.426976 -0.253111
0.426491 -0.253429
0.426003 -0.25375
0.425513 -0.254074
0.425019 -0.254401
0.424523 -0.254732
0.424025 -0.255066
0.423524 -0.255403
0.42302 -0.255743
0.422514 -0.256086
0.422006 -0.256432
0.421496 -0.256781
0.420984 -0.257133
0.420469 -0.257487
0.419953 -0.257844
0.419435 -0.258204
0.418916 -0.258566
0.418394 -0.258931
0.417872 -0.259297
0.417348 -0.259666
0.416823 -0.260037
0.416297 -0.26041
0.41577 -0.260785
0.415242 -0.261161
0.414714 -0.261539
0.414186 -0.261919
0.413658 -0.262299
0.41313 -0.262681
0.412602 -0.263063
0.412075 -0.263446
0.411549 -0.26383
0.411023 -0.264214
0.410499 -0.264598
0.409976 -0.264983
0.409455 -0.265367
0.408936 -0.265751
0.408419 -0.266134
0.407904 -0.266517
0.407392 -0.266899
0.406882 -0.26728
0.406376 -0.26766
0.405872 -0.26804
0.405371 -0.268417
0.404873 -0.268794
0.404379 -0.269169
0.403888 -0.269542
0.4034 -0.269914
0.402916 -0.270284
0.402436 -0.270653
0.40196 -0.27102
0.401487 -0.271385
0.401018 -0.271748
0.400553 -0.27211
0.400092 -0.272469
0.399634 -0.272827
0.399181 -0.273182
0.398732 -0.273536
0.398286 -0.273888
0.397845 -0.274238
0.397407 -0.274586
0.396973 -0.274932
0.396544 -0.275276
0.396118 -0.275618
0.395696 -0.275958
0.395278 -0.276296
0.394864 -0.276632
0.394454 -0.276967
0.394048 -0.277299
0.393646 -0.277629
0.393247 -0.277958
0.392853 -0.278284
0.392462 -0.278609
0.392075 -0.278932
0.391693 -0.279253
0.391313 -0.279572
0.390938 -0.279889
0.390567 -0.280204
0.390199 -0.280518
0.389835 -0.28083
0.389475 -0.281139
0.389118 -0.281447
0.388765 -0.281754
0.388416 -0.282058
0.388071 -0.282361
0.387729 -0.282662
0.387391 -0.282961
0.387056 -0.283258
0.386725 -0.283554
0.386398 -0.283848
0.386074 -0.28414
0.385754 -0.28443
0.385437 -0.284719
0.385124 -0.285006
0.384814 -0.285291
0.384508 -0.285575
0.384205 -0.285857
0.383906 -0.286138
0.38361 -0.286417
0.383318 -0.286694
0.383029 -0.286969
0.382743 -0.287243
0.382461 -0.287516
0.382182 -0.287786
0.381907 -0.288056
0.381634 -0.288323
0.381366 -0.288589
0.3811 -0.288854
0.380838 -0.289117
0.380579 -0.289378
0.380323 -0.289638
0.38007 -0.289897
0.379821 -0.290154
0.379574 -0.290409
0.379331 -0.290663
0.379091 -0.290916
0.378855 -0.291167
0.378621 -0.291417
0.37839 -0.291665
0.378163 -0.291912
0.377938 -0.292158
0.377717 -0.292402
0.377498 -0.292645
0.377283 -0.292886
0.37707 -0.293127
0.37686 -0.293365
0.376653 -0.293603
0.37645 -0.293839
0.376248 -0.294074
0.37605 -0.294308
0.375855 -0.294541
0.375662 -0.294772
0.375472 -0.295002
0.375284 -0.295231
0.3751 -0.29546
0.374917 -0.295686
0.374738 -0.295912
0.374561 -0.296137
0.374386 -0.296361
0.374214 -0.296584
0.374044 -0.296806
0.373876 -0.297027
0.37371 -0.297248
0.373547 -0.297467
0.373386 -0.297686
0.373227 -0.297904
0.37307 -0.298121
0.372915 -0.298338
0.372761 -0.298554
0.37261 -0.29877
0.37246 -0.298985
0.372312 -0.2992
0.372166 -0.299414
0.372022 -0.299628
0.371879 -0.299841
0.371737 -0.300054
0.371597 -0.300267
0.371459 -0.300479
0.371322 -0.300691
0.371186 -0.300903
0.371052 -0.301114
0.37092 -0.301326
0.370788 -0.301537
0.370658 -0.301748
0.37053 -0.301958
0.370402 -0.302169
0.370276 -0.302379
0.370152 -0.302589
0.370028 -0.302799
0.369906 -0.303008
0.369785 -0.303218
0.369665 -0.303427
0.369546 -0.303637
0.369429 -0.303846
0.369313 -0.304054
0.369198 -0.304263
0.369084 -0.304472
0.368972 -0.30468
0.368861 -0.304888
0.368751 -0.305096
0.368642 -0.305304
0.368534 -0.305512
0.368428 -0.30572
0.368322 -0.305927
0.368218 -0.306135
0.368115 -0.306342
0.368013 -0.306549
0.367913 -0.306755
0.367813 -0.306962
0.367715 -0.307169
0.367617 -0.307375
0.367521 -0.307581
0.367427 -0.307787
0.367333 -0.307993
0.36724 -0.308199
0.367149 -0.308404
0.367059 -0.30861
0.366969 -0.308815
0.366881 -0.30902
0.366794 -0.309225
0.366709 -0.309429
0.366624 -0.309634
0.36654 -0.309838
0.366458 -0.310042
0.366377 -0.310246
0.366297 -0.31045
0.366218 -0.310653
0.36614 -0.310857
0.366063 -0.31106
0.365987 -0.311263
0.365913 -0.311466
0.365839 -0.311668
0.365767 -0.311871
0.365695 -0.312073
0.365625 -0.312275
0.365556 -0.312477
0.365488 -0.312679
0.365421 -0.31288
0.365355 -0.313081
0.36529 -0.313282
0.365227 -0.313483
0.365164 -0.313684
0.365102 -0.313884
0.365042 -0.314085
0.364982 -0.314285
0.364924 -0.314485
0.364867 -0.314684
0.364811 -0.314884
0.364755 -0.315083
0.364701 -0.315282
0.364648 -0.315481
0.364596 -0.315679
0.364545 -0.315878
0.364495 -0.316076
0.364446 -0.316274
0.364398 -0.316471
0.364351 -0.316669
0.364306 -0.316866
0.364261 -0.317063
0.364217 -0.31726
0.364174 -0.317457
0.364132 -0.317653
0.364092 -0.317849
0.364052 -0.318045
0.364013 -0.318241
0.363976 -0.318436
0.363939 -0.318631
0.363903 -0.318826
0.363869 -0.319021
0.363835 -0.319216
0.363802 -0.31941
0.363771 -0.319604
0.36374 -0.319798
0.36371 -0.319992
0.363681 -0.320185
0.363654 -0.320378
0.363627 -0.320571
0.363601 -0.320764
0.363576 -0.320956
0.363552 -0.321148
0.363529 -0.32134
0.363508 -0.321532
0.363487 -0.321723
0.363467 -0.321914
0.363447 -0.322105
0.363429 -0.322296
0.363412 -0.322487
0.363396 -0.322677
0.363381 -0.322867
0.363367 -0.323057
0.363353 -0.323246
0.363341 -0.323435
0.36333 -0.323624
0.363319 -0.323813
0.36331 -0.324002
0.363301 -0.32419
0.363294 -0.324378
0.363287 -0.324566
0.363281 -0.324753
0.363277 -0.324941
0.363273 -0.325128
0.36327 -0.325315
0.363268 -0.325502
0.363268 -0.325688
0.363268 -0.325874
0.363269 -0.326061
0.363271 -0.326247
0.363275 -0.326432
0.363279 -0.326618
0.363284 -0.326803
0.363291 -0.326989
0.363299 -0.327174
0.363307 -0.327359
0.363317 -0.327544
0.363328 -0.327728
0.36334 -0.327913
0.363354 -0.328098
0.363368 -0.328282
0.363384 -0.328467
0.363401 -0.328651
0.36342 -0.328836
0.36344 -0.32902
0.363461 -0.329205
0.363483 -0.329389
0.363507 -0.329574
0.363532 -0.329759
0.363559 -0.329943
0.363587 -0.330128
0.363616 -0.330313
0.363647 -0.330498
0.36368 -0.330683
0.363714 -0.330868
0.363749 -0.331053
0.363786 -0.331239
0.363824 -0.331424
0.363864 -0.33161
0.363905 -0.331795
0.363948 -0.331981
0.363993 -0.332167
0.364038 -0.332353
0.364086 -0.332539
0.364135 -0.332726
0.364185 -0.332912
0.364237 -0.333099
0.36429 -0.333285
0.364344 -0.333472
0.3644 -0.333659
0.364458 -0.333846
0.364517 -0.334033
0.364577 -0.33422
0.364639 -0.334408
0.364702 -0.334595
0.364767 -0.334782
0.364833 -0.33497
0.364901 -0.335158
0.364969 -0.335345
0.36504 -0.335533
0.365111 -0.335721
0.365184 -0.335909
0.365258 -0.336097
0.365334 -0.336285
0.365411 -0.336473
0.365489 -0.336661
0.365568 -0.336849
0.365649 -0.337037
0.365731 -0.337226
0.365815 -0.337414
0.365899 -0.337602
0.365985 -0.337791
0.366072 -0.337979
0.366161 -0.338167
0.36625 -0.338356
0.366341 -0.338544
0.366433 -0.338732
0.366526 -0.338921
0.366621 -0.339109
0.366716 -0.339297
0.366813 -0.339486
0.366911 -0.339674
0.36701 -0.339862
0.36711 -0.340051
0.367212 -0.340239
0.367314 -0.340427
0.367418 -0.340615
0.367522 -0.340803
0.367628 -0.340992
0.367735 -0.34118
0.367843 -0.341368
0.367952 -0.341556
0.368062 -0.341743
0.368174 -0.341931
0.368286 -0.342119
0.368399 -0.342307
0.368513 -0.342494
0.368629 -0.342682
0.368745 -0.342869
0.368862 -0.343057
0.368981 -0.343244
0.3691 -0.343431
0.369221 -0.343618
0.369342 -0.343805
0.369464 -0.343992
0.369587 -0.344179
0.369711 -0.344366
0.369837 -0.344552
0.369963 -0.344739
0.37009 -0.344925
0.370217 -0.345111
0.370346 -0.345297
0.370476 -0.345483
0.370606 -0.345669
0.370738 -0.345855
0.37087 -0.34604
0.371003 -0.346226
0.371137 -0.346411
0.371272 -0.346596
0.371408 -0.346781
0.371544 -0.346966
0.371682 -0.34715
0.37182 -0.347335
0.371959 -0.347519
0.372099 -0.347703
0.372239 -0.347887
0.372381 -0.348071
0.372523 -0.348255
0.372666 -0.348438
0.37281 -0.348622
0.372954 -0.348805
0.373099 -0.348988
0.373245 -0.34917
0.373392 -0.349353
0.373539 -0.349535
0.373688 -0.349717
0.373836 -0.349899
0.373986 -0.350081
0.374136 -0.350263
0.374287 -0.350444
0.374439 -0.350625
0.374591 -0.350806
0.374744 -0.350987
0.374898 -0.351167
0.375052 -0.351347
0.375207 -0.351528
0.375362 -0.351707
0.375518 -0.351887
0.375675 -0.352066
0.375833 -0.352245
0.375991 -0.352424
0.376149 -0.352603
0.376309 -0.352781
0.376468 -0.352959
0.376629 -0.353137
0.37679 -0.353315
0.376951 -0.353492
0.377113 -0.353669
0.377276 -0.353846
0.377439 -0.354023
0.377603 -0.354199
0.377767 -0.354375
0.377932 -0.354551
0.378098 -0.354727
0.378264 -0.354902
0.37843 -0.355077
0.378597 -0.355252
0.378764 -0.355426
0.378932 -0.355601
0.3791 -0.355775
0.379269 -0.355948
0.379439 -0.356122
0.379608 -0.356295
0.379779 -0.356467
0.379949 -0.35664
0.38012 -0.356812
0.380292 -0.356984
0.380464 -0.357156
0.380637 -0.357327
0.380809 -0.357498
0.380983 -0.357669
0.381156 -0.357839
0.38133 -0.358009
0.381505 -0.358179
0.38168 -0.358348
0.381855 -0.358518
0.382031 -0.358686
0.382207 -0.358855
0.382383 -0.359023
0.38256 -0.359191
0.382737 -0.359359
0.382915 -0.359526
0.383092 -0.359693
0.383271 -0.359859
0.383449 -0.360025
0.383628 -0.360191
0.383807 -0.360357
0.383987 -0.360522
0.384166 -0.360687
0.384347 -0.360852
0.384527 -0.361016
0.384708 -0.36118
0.384889 -0.361343
0.38507 -0.361506
0.385252 -0.361669
0.385434 -0.361831
0.385616 -0.361993
0.385798 -0.362155
0.385981 -0.362316
0.386164 -0.362477
0.386347 -0.362638
0.386531 -0.362798
0.386715 -0.362958
0.386899 -0.363117
0.387083 -0.363276
0.387268 -0.363435
0.387453 -0.363593
0.387638 -0.36375
0.387824 -0.363908
0.388009 -0.364064
0.388195 -0.364221
0.388382 -0.364376
0.388568 -0.364532
0.388755 -0.364687
0.388942 -0.364841
0.38913 -0.364995
0.389318 -0.365148
0.389506 -0.365301
0.389694 -0.365453
0.389883 -0.365604
0.390072 -0.365755
0.390261 -0.365906
0.390451 -0.366056
0.390641 -0.366205
0.390832 -0.366353
0.391023 -0.366501
0.391214 -0.366648
0.391406 -0.366794
0.391598 -0.36694
0.39179 -0.367085
0.391983 -0.367229
0.392176 -0.367373
0.39237 -0.367515
0.392564 -0.367657
0.392758 -0.367799
0.392953 -0.367939
0.393148 -0.368079
0.393344 -0.368218
0.39354 -0.368356
0.393736 -0.368494
0.393933 -0.36863
0.39413 -0.368766
0.394327 -0.368901
0.394525 -0.369036
0.394723 -0.369169
0.394922 -0.369302
0.395121 -0.369434
0.39532 -0.369565
0.39552 -0.369696
0.39572 -0.369825
0.39592 -0.369954
0.396121 -0.370082
0.396322 -0.37021
0.396523 -0.370337
0.396724 -0.370462
0.396926 -0.370588
0.397128 -0.370712
0.397331 -0.370835
0.397533 -0.370958
0.397736 -0.37108
0.39794 -0.371202
0.398143 -0.371322
0.398347 -0.371442
0.398551 -0.371562
0.398755 -0.37168
0.398959 -0.371798
0.399164 -0.371915
0.399369 -0.372031
0.399574 -0.372146
0.399779 -0.372261
0.399985 -0.372375
0.400191 -0.372488
0.400396 -0.372601
0.400603 -0.372713
0.400809 -0.372824
0.401015 -0.372935
0.401222 -0.373044
0.401429 -0.373154
0.401635 -0.373262
0.401842 -0.37337
0.40205 -0.373477
0.402257 -0.373583
0.402464 -0.373689
0.402672 -0.373794
0.402879 -0.373898
0.403087 -0.374001
0.403295 -0.374104
0.403503 -0.374207
0.403711 -0.374308
0.403919 -0.374409
0.404127 -0.374509
0.404336 -0.374609
0.404544 -0.374708
0.404753 -0.374806
0.404961 -0.374904
0.40517 -0.375001
0.405378 -0.375097
0.405587 -0.375193
0.405795 -0.375288
0.406004 -0.375382
0.406213 -0.375476
0.406421 -0.375569
0.40663 -0.375661
0.406839 -0.375753
0.407048 -0.375844
0.407256 -0.375935
0.407465 -0.376025
0.407674 -0.376114
0.407883 -0.376203
0.408091 -0.376291
0.4083 -0.376378
0.408508 -0.376465
0.408717 -0.376551
0.408925 -0.376637
0.409134 -0.376722
0.409342 -0.376806
0.409551 -0.37689
0.409759 -0.376973
0.409967 -0.377056
0.410175 -0.377138
0.410384 -0.37722
0.410592 -0.3773
0.410799 -0.377381
0.411007 -0.37746
0.411215 -0.37754
0.411423 -0.377618
0.41163 -0.377696
0.411837 -0.377773
0.412045 -0.37785
0.412252 -0.377927
0.412459 -0.378002
0.412666 -0.378077
0.412873 -0.378152
0.413079 -0.378226
0.413286 -0.378299
0.413492 -0.378372
0.413698 -0.378445
0.413904 -0.378517
0.41411 -0.378588
0.414316 -0.378659
0.414522 -0.378729
0.414727 -0.378798
0.414932 -0.378868
0.415137 -0.378936
0.415342 -0.379004
0.415547 -0.379072
0.415751 -0.379139
0.415956 -0.379205
0.41616 -0.379271
0.416364 -0.379336
0.416567 -0.379401
0.416771 -0.379466
0.416974 -0.37953
0.417177 -0.379593
0.41738 -0.379656
0.417583 -0.379718
0.417785 -0.37978
0.417987 -0.379841
0.418189 -0.379902
0.418391 -0.379963
0.418592 -0.380022
0.418793 -0.380082
0.418994 -0.380141
0.419195 -0.380199
0.419395 -0.380257
0.419596 -0.380314
0.419795 -0.380371
0.419995 -0.380428
0.420194 -0.380484
0.420393 -0.380539
0.420592 -0.380594
0.420791 -0.380649
0.420989 -0.380703
0.421187 -0.380756
0.421385 -0.38081
0.421582 -0.380862
0.421779 -0.380914
0.421976 -0.380966
0.422172 -0.381018
0.422369 -0.381068
0.422564 -0.381119
0.42276 -0.381169
0.422955 -0.381218
0.42315 -0.381267
0.423345 -0.381316
0.423539 -0.381364
0.423733 -0.381412
0.423926 -0.381459
0.42412 -0.381506
0.424313 -0.381552
0.424505 -0.381598
0.424698 -0.381644
0.424889 -0.381689
0.425081 -0.381734
0.425272 -0.381778
0.425463 -0.381822
0.425654 -0.381866
0.425844 -0.381909
0.426034 -0.381951
0.426223 -0.381993
0.426412 -0.382035
0.426601 -0.382077
0.426789 -0.382118
0.426977 -0.382158
0.427165 -0.382198
0.427352 -0.382238
0.427539 -0.382278
0.427725 -0.382317
0.427911 -0.382355
0.428097 -0.382393
0.428282 -0.382431
0.428467 -0.382469
0.428652 -0.382506
0.428836 -0.382542
0.42902 -0.382579
0.429203 -0.382614
0.429386 -0.38265
0.429568 -0.382685
0.429751 -0.38272
0.429932 -0.382754
0.430114 -0.382788
0.430294 -0.382822
0.430475 -0.382855
0.430655 -0.382888
0.430835 -0.382921
0.431014 -0.382953
0.431193 -0.382985
0.431371 -0.383016
0.431549 -0.383047
0.431726 -0.383078
0.431903 -0.383108
0.43208 -0.383138
0.432256 -0.383168
0.432432 -0.383197
0.432607 -0.383226
0.432782 -0.383255
0.432957 -0.383283
0.433131 -0.383311
0.433304 -0.383339
0.433477 -0.383366
0.43365 -0.383393
0.433822 -0.38342
0.433994 -0.383446
0.434165 -0.383472
0.434336 -0.383498
0.434507 -0.383523
0.434676 -0.383548
0.434846 -0.383573
0.435015 -0.383597
0.435184 -0.383621
0.435352 -0.383645
0.435519 -0.383668
0.435686 -0.383691
0.435853 -0.383714
0.436019 -0.383736
0.436185 -0.383758
0.43635 -0.38378
0.436515 -0.383802
0.436679 -0.383823
0.436843 -0.383844
0.437006 -0.383864
0.437169 -0.383885
0.437332 -0.383905
0.437494 -0.383925
0.437655 -0.383944
0.437816 -0.383963
0.437976 -0.383982
0.438136 -0.384
0.438295 -0.384019
0.438454 -0.384037
0.438613 -0.384054
0.438771 -0.384072
0.438928 -0.384089
0.439085 -0.384106
0.439241 -0.384122
0.439397 -0.384139
0.439552 -0.384155
0.439707 -0.38417
0.439861 -0.384186
0.440015 -0.384201
0.440168 -0.384216
0.44032 -0.38423
0.440472 -0.384245
0.440623 -0.384259
0.440774 -0.384273
0.440924 -0.384286
0.441074 -0.384299
0.441223 -0.384312
0.441371 -0.384325
0.441518 -0.384337
0.441665 -0.38435
0.441811 -0.384361
0.441956 -0.384373
0.442101 -0.384384
0.442245 -0.384395
0.442388 -0.384406
0.44253 -0.384417
0.442671 -0.384427
0.442811 -0.384437
0.442951 -0.384446
0.443089 -0.384456
0.443226 -0.384465
0.443363 -0.384473
0.443498 -0.384482
0.443632 -0.38449
0.443764 -0.384498
0.443896 -0.384505
0.444026 -0.384512
0.444155 -0.384519
0.444283 -0.384526
0.444409 -0.384532
0.444534 -0.384538
0.444657 -0.384543
0.444779 -0.384548
0.444899 -0.384553
0.445018 -0.384558
0.445136 -0.384562
0.445251 -0.384566
0.445366 -0.384569
0.445479 -0.384573
0.44559 -0.384575
0.445699 -0.384578
0.445808 -0.38458
0.445914 -0.384582
0.446019 -0.384584
0.446122 -0.384585
0.446224 -0.384586
0.446324 -0.384586
0.446423 -0.384587
0.44652 -0.384586
0.446615 -0.384586
0.446709 -0.384585
0.446802 -0.384584
0.446893 -0.384583
0.446982 -0.384581
0.44707 -0.384579
0.447156 -0.384577
0.447241 -0.384575
0.447324 -0.384572
0.447405 -0.384569
0.447486 -0.384565
0.447564 -0.384561
0.447642 -0.384557
0.447717 -0.384553
0.447792 -0.384548
0.447865 -0.384543
0.447936 -0.384538
0.448006 -0.384533
0.448075 -0.384527
0.448142 -0.384521
0.448208 -0.384515
0.448272 -0.384508
0.448335 -0.384501
0.448397 -0.384494
0.448457 -0.384487
0.448516 -0.384479
0.448573 -0.384471
0.44863 -0.384463
0.448685 -0.384455
0.448738 -0.384446
0.44879 -0.384437
0.448841 -0.384428
0.448891 -0.384418
0.448939 -0.384409
0.448986 -0.384399
0.449032 -0.384389
0.449077 -0.384378
0.44912 -0.384368
0.449162 -0.384357
0.449203 -0.384346
0.449243 -0.384334
0.449281 -0.384323
0.449318 -0.384311
0.449354 -0.384299
0.449389 -0.384287
0.449422 -0.384274
0.449455 -0.384262
0.449486 -0.384249
0.449516 -0.384236
0.449545 -0.384223
0.449573 -0.384209
0.4496 -0.384195
0.449625 -0.384181
0.44965 -0.384167
0.449673 -0.384153
0.449695 -0.384138
0.449717 -0.384124
0.449737 -0.384109
0.449756 -0.384094
0.449774 -0.384078
0.449791 -0.384063
0.449806 -0.384047
0.449821 -0.384031
0.449835 -0.384015
0.449848 -0.383999
0.449859 -0.383983
0.44987 -0.383966
0.44988 -0.383949
0.449888 -0.383932
0.449896 -0.383915
0.449903 -0.383898
0.449909 -0.383881
0.449914 -0.383863
0.449917 -0.383845
0.44992 -0.383827
0.449922 -0.383809
0.449923 -0.383791
0.449923 -0.383772
0.449923 -0.383754
0.449921 -0.383735
0.449918 -0.383716
0.449915 -0.383697
0.44991 -0.383678
0.449905 -0.383659
0.449899 -0.383639
0.449892 -0.383619
0.449884 -0.3836
0.449875 -0.38358
0.449865 -0.38356
0.449855 -0.38354
0.449844 -0.383519
0.449832 -0.383499
0.449819 -0.383478
0.449805 -0.383458
0.44979 -0.383437
0.449775 -0.383416
0.449759 -0.383395
0.449742 -0.383373
0.449724 -0.383352
0.449706 -0.383331
0.449687 -0.383309
0.449667 -0.383287
0.449646 -0.383265
0.449624 -0.383244
0.449602 -0.383221
0.449579 -0.383199
0.449556 -0.383177
0.449531 -0.383155
0.449506 -0.383132
0.44948 -0.38311
0.449454 -0.383087
0.449427 -0.383064
0.449399 -0.383041
0.44937 -0.383018
0.449341 -0.382995
0.449311 -0.382972
0.44928 -0.382949
0.449249 -0.382925
0.449217 -0.382902
0.449185 -0.382878
0.449152 -0.382855
0.449118 -0.382831
0.449083 -0.382807
0.449048 -0.382783
0.449013 -0.382759
0.448977 -0.382735
0.44894 -0.382711
0.448902 -0.382687
0.448864 -0.382662
0.448826 -0.382638
0.448787 -0.382613
0.448747 -0.382589
0.448707 -0.382564
0.448666 -0.38254
0.448624 -0.382515
0.448582 -0.38249
0.44854 -0.382465
0.448497 -0.38244
0.448453 -0.382415
0.448409 -0.38239
0.448364 -0.382365
0.448319 -0.38234
0.448274 -0.382314
0.448228 -0.382289
0.448181 -0.382264
0.448134 -0.382238
0.448086 -0.382213
0.448038 -0.382187
0.447989 -0.382162
0.44794 -0.382136
0.447891 -0.38211
0.447841 -0.382084
0.447791 -0.382059
0.44774 -0.382033
0.44769 -0.382007
0.44764 -0.381982
0.44759 -0.381956
0.44754 -0.381931
0.447491 -0.381905
0.447441 -0.38188
0.447392 -0.381855
0.447343 -0.38183
0.447294 -0.381804
0.447245 -0.381779
0.447196 -0.381754
0.447148 -0.38173
0.447099 -0.381705
0.447051 -0.38168
0.447003 -0.381655
0.446955 -0.381631
0.446907 -0.381606
0.446859 -0.381582
0.446811 -0.381557
0.446764 -0.381533
0.446716 -0.381509
0.446669 -0.381485
0.446622 -0.381461
0.446575 -0.381437
0.446528 -0.381413
0.446482 -0.381389
0.446435 -0.381365
0.446389 -0.381341
0.446343 -0.381318
0.446297 -0.381294
0.446251 -0.381271
0.446205 -0.381247
0.446159 -0.381224
0.446114 -0.381201
0.446068 -0.381177
0.446023 -0.381154
0.445978 -0.381131
0.445933 -0.381108
0.445888 -0.381085
0.445843 -0.381063
0.445799 -0.38104
0.445755 -0.381017
0.44571 -0.380995
0.445666 -0.380972
0.445622 -0.38095
0.445578 -0.380927
0.445535 -0.380905
0.445491 -0.380883
0.445448 -0.380861
0.445404 -0.380839
0.445361 -0.380817
0.445318 -0.380795
0.445275 -0.380773
0.445233 -0.380751
0.44519 -0.380729
0.445148 -0.380708
0.445105 -0.380686
0.445063 -0.380665
0.445021 -0.380643
0.444979 -0.380622
