0.16264 -0.1453
0.162627 -0.145301
0.162601 -0.145303
0.162562 -0.145307
0.16251 -0.145311
0.162446 -0.145317
0.162369 -0.145323
0.162281 -0.145331
0.16218 -0.14534
0.162068 -0.14535
0.161944 -0.145361
0.16181 -0.145374
0.161665 -0.145387
0.161509 -0.145402
0.161344 -0.145417
0.161169 -0.145434
0.160985 -0.145452
0.160792 -0.145471
0.160591 -0.145491
0.160383 -0.145513
0.160168 -0.145535
0.159947 -0.145558
0.15972 -0.145582
0.159489 -0.145607
0.159253 -0.145633
0.159014 -0.14566
0.158772 -0.145688
0.158528 -0.145715
0.158283 -0.145744
0.158038 -0.145773
0.157792 -0.145801
0.157548 -0.14583
0.157305 -0.145859
0.157065 -0.145888
0.156826 -0.145916
0.156591 -0.145943
0.156358 -0.14597
0.156129 -0.145996
0.155904 -0.146021
0.155681 -0.146045
0.155463 -0.146068
0.155248 -0.14609
0.155036 -0.14611
0.154827 -0.14613
0.154621 -0.146149
0.154418 -0.146167
0.154217 -0.146185
0.154017 -0.146202
0.153819 -0.146218
0.153622 -0.146234
0.153425 -0.146251
0.153228 -0.146267
0.15303 -0.146284
0.152831 -0.146302
0.152632 -0.146321
0.15243 -0.14634
0.152226 -0.146361
0.152019 -0.146383
0.15181 -0.146407
0.151598 -0.146433
0.151382 -0.146461
0.151163 -0.14649
0.15094 -0.146522
0.150713 -0.146556
0.150483 -0.146592
0.150248 -0.14663
0.15001 -0.146671
0.149768 -0.146714
0.149523 -0.146759
0.149274 -0.146807
0.149021 -0.146857
0.148765 -0.146909
0.148506 -0.146964
0.148243 -0.147021
0.147978 -0.14708
0.14771 -0.147142
0.14744 -0.147205
0.147167 -0.14727
0.146892 -0.147338
0.146615 -0.147407
0.146337 -0.147478
0.146056 -0.147552
0.145774 -0.147626
0.145491 -0.147703
0.145206 -0.147781
0.14492 -0.147861
0.144633 -0.147942
0.144346 -0.148025
0.144057 -0.148109
0.143768 -0.148194
0.143478 -0.14828
0.143188 -0.148368
0.142897 -0.148456
0.142606 -0.148546
0.142314 -0.148636
0.142023 -0.148727
0.141731 -0.148819
0.141439 -0.148912
0.141147 -0.149004
0.140855 -0.149098
0.140563 -0.149191
0.140272 -0.149285
0.13998 -0.149378
0.139689 -0.149472
0.139399 -0.149566
0.139108 -0.149659
0.138818 -0.149752
0.138529 -0.149844
0.13824 -0.149936
0.137952 -0.150027
0.137664 -0.150117
0.137377 -0.150206
0.13709 -0.150295
0.136805 -0.150382
0.13652 -0.150469
0.136235 -0.150554
0.135952 -0.150638
0.135669 -0.150721
0.135387 -0.150803
0.135106 -0.150884
0.134826 -0.150963
0.134546 -0.151041
0.134267 -0.151118
0.133989 -0.151194
0.133712 -0.151268
0.133435 -0.151341
0.133159 -0.151413
0.132884 -0.151484
0.132609 -0.151554
0.132335 -0.151623
0.132061 -0.151692
0.131787 -0.151759
0.131514 -0.151825
0.131241 -0.151891
0.130968 -0.151957
0.130695 -0.152021
0.130422 -0.152086
0.130149 -0.15215
0.129875 -0.152215
0.129601 -0.152279
0.129326 -0.152344
0.129051 -0.152409
0.128775 -0.152474
0.128497 -0.15254
0.128218 -0.152608
0.127938 -0.152676
0.127656 -0.152746
0.127372 -0.152818
0.127086 -0.152891
0.126797 -0.152966
0.126506 -0.153044
0.126212 -0.153124
0.125915 -0.153207
0.125614 -0.153293
0.12531 -0.153383
0.125002 -0.153476
0.12469 -0.153572
0.124373 -0.153673
0.124053 -0.153777
0.123727 -0.153887
0.123397 -0.154
0.123061 -0.154119
0.12272 -0.154242
0.122374 -0.15437
0.122023 -0.154504
0.121666 -0.154643
0.121303 -0.154787
0.120935 -0.154937
0.12056 -0.155092
0.12018 -0.155253
0.119794 -0.15542
0.119402 -0.155593
0.119004 -0.155771
0.1186 -0.155955
0.11819 -0.156145
0.117774 -0.156341
0.117352 -0.156543
0.116925 -0.15675
0.116491 -0.156963
0.116052 -0.157183
0.115606 -0.157408
0.115155 -0.157638
0.114698 -0.157875
0.114236 -0.158117
0.113768 -0.158365
0.113294 -0.158618
0.112815 -0.158877
0.112331 -0.159141
0.111841 -0.159411
0.111346 -0.159687
0.110845 -0.159968
0.11034 -0.160254
0.10983 -0.160545
0.109315 -0.160841
0.108795 -0.161143
0.10827 -0.161449
0.107741 -0.161761
0.107207 -0.162078
0.106668 -0.162399
0.106126 -0.162725
0.105579 -0.163055
0.105028 -0.163391
0.104474 -0.16373
0.103915 -0.164074
0.103353 -0.164422
0.102788 -0.164775
0.102219 -0.165131
0.101647 -0.165491
0.101071 -0.165855
0.100494 -0.166223
0.0999131 -0.166594
0.0993303 -0.166968
0.0987452 -0.167345
0.0981582 -0.167726
0.0975694 -0.168109
0.0969792 -0.168494
0.0963877 -0.168883
0.0957952 -0.169273
0.0952021 -0.169665
0.0946084 -0.170059
0.0940147 -0.170455
0.093421 -0.170852
0.0928277 -0.17125
0.0922352 -0.17165
0.0916436 -0.17205
0.0910532 -0.17245
0.0904643 -0.172851
0.0898773 -0.173251
0.0892922 -0.173652
0.0887095 -0.174052
0.0881293 -0.174452
0.0875518 -0.174851
0.0869773 -0.175249
0.0864059 -0.175647
0.0858379 -0.176043
0.0852733 -0.176438
0.0847124 -0.176832
0.0841553 -0.177224
0.0836021 -0.177614
0.083053 -0.178003
0.0825079 -0.17839
0.0819671 -0.178776
0.0814306 -0.179159
0.0808985 -0.179541
0.0803708 -0.179921
0.0798475 -0.180299
0.0793288 -0.180674
0.0788146 -0.181048
0.078305 -0.181419
0.0778001 -0.181789
0.0772997 -0.182156
0.076804 -0.182521
0.0763129 -0.182885
0.0758266 -0.183246
0.0753448 -0.183604
0.0748677 -0.183961
0.0743953 -0.184316
0.0739276 -0.184668
0.0734645 -0.185019
0.073006 -0.185367
0.0725521 -0.185713
0.0721029 -0.186057
0.0716583 -0.186399
0.0712183 -0.186739
0.0707828 -0.187076
0.0703519 -0.187412
0.0699256 -0.187746
0.0695038 -0.188077
0.0690865 -0.188407
0.0686736 -0.188735
0.0682653 -0.18906
0.0678614 -0.189384
0.067462 -0.189706
0.067067 -0.190026
0.0666763 -0.190343
0.0662901 -0.190659
0.0659082 -0.190973
0.0655307 -0.191285
0.0651575 -0.191596
0.0647885 -0.191904
0.0644239 -0.19221
0.0640635 -0.192515
0.0637074 -0.192818
0.0633554 -0.193119
0.0630077 -0.193418
0.0626642 -0.193716
0.0623247 -0.194012
0.0619895 -0.194306
0.0616583 -0.194598
0.0613312 -0.194888
0.0610082 -0.195177
0.0606892 -0.195465
0.0603743 -0.19575
0.0600633 -0.196034
0.0597563 -0.196316
0.0594533 -0.196597
0.0591541 -0.196876
0.0588589 -0.197154
0.0585675 -0.19743
0.05828 -0.197704
0.0579962 -0.197977
0.0577163 -0.198248
0.0574401 -0.198518
0.0571676 -0.198787
0.0568989 -0.199054
0.0566337 -0.19932
0.0563722 -0.199584
0.0561143 -0.199847
0.0558599 -0.200109
0.055609 -0.200369
0.0553616 -0.200628
0.0551176 -0.200886
0.0548769 -0.201142
0.0546396 -0.201398
0.0544056 -0.201652
0.0541748 -0.201906
0.0539471 -0.202158
0.0537225 -0.202409
0.053501 -0.202659
0.0532825 -0.202909
0.0530669 -0.203157
0.0528542 -0.203405
0.0526442 -0.203651
0.0524369 -0.203898
0.0522323 -0.204143
0.0520303 -0.204388
0.0518308 -0.204632
0.0516336 -0.204876
0.0514389 -0.205119
0.0512464 -0.205362
0.0510562 -0.205605
0.0508681 -0.205847
0.0506821 -0.206089
0.0504981 -0.20633
0.0503161 -0.206572
0.050136 -0.206813
0.0499577 -0.207055
0.0497813 -0.207296
0.0496066 -0.207537
0.0494336 -0.207778
0.0492622 -0.208019
0.0490925 -0.208261
0.0489244 -0.208502
0.0487579 -0.208743
0.0485929 -0.208985
0.0484294 -0.209227
0.0482674 -0.209468
0.0481069 -0.20971
0.0479478 -0.209953
0.0477901 -0.210195
0.0476338 -0.210437
0.047479 -0.21068
0.0473255 -0.210923
0.0471734 -0.211166
0.0470227 -0.21141
0.0468733 -0.211653
0.0467253 -0.211897
0.0465786 -0.212141
0.0464333 -0.212385
0.0462892 -0.21263
0.0461465 -0.212874
0.0460052 -0.213119
0.0458651 -0.213365
0.0457264 -0.21361
0.0455889 -0.213856
0.0454528 -0.214101
0.045318 -0.214348
0.0451844 -0.214594
0.0450522 -0.21484
0.0449213 -0.215087
0.0447916 -0.215334
0.0446633 -0.215581
0.0445362 -0.215829
0.0444105 -0.216076
0.044286 -0.216324
0.0441628 -0.216572
0.0440409 -0.21682
0.0439203 -0.217068
0.0438009 -0.217317
0.0436829 -0.217566
0.0435661 -0.217815
0.0434506 -0.218064
0.0433363 -0.218313
0.0432234 -0.218563
0.0431117 -0.218813
0.0430013 -0.219063
0.0428922 -0.219313
0.0427843 -0.219563
0.0426777 -0.219813
0.0425723 -0.220064
0.0424683 -0.220315
0.0423655 -0.220566
0.0422639 -0.220817
0.0421637 -0.221068
0.0420646 -0.221319
0.0419669 -0.221571
0.0418704 -0.221823
0.0417751 -0.222074
0.0416811 -0.222326
0.0415884 -0.222578
0.0414969 -0.222831
0.0414067 -0.223083
0.0413177 -0.223336
0.0412299 -0.223588
0.0411434 -0.223841
0.0410582 -0.224094
0.0409742 -0.224347
0.0408914 -0.2246
0.0408099 -0.224853
0.0407296 -0.225107
0.0406505 -0.22536
0.0405727 -0.225614
0.0404961 -0.225868
0.0404207 -0.226121
0.0403466 -0.226375
0.0402737 -0.226629
0.040202 -0.226883
0.0401315 -0.227138
0.0400623 -0.227392
0.0399942 -0.227646
0.0399274 -0.227901
0.0398618 -0.228155
0.0397975 -0.22841
0.0397343 -0.228664
0.0396723 -0.228919
0.0396116 -0.229174
0.039552 -0.229429
0.0394937 -0.229684
0.0394366 -0.229939
0.0393806 -0.230194
0.0393259 -0.230449
0.0392724 -0.230704
0.03922 -0.230959
0.0391689 -0.231215
0.0391189 -0.23147
0.0390702 -0.231725
0.0390226 -0.231981
0.0389762 -0.232236
0.0389311 -0.232492
0.0388871 -0.232747
0.0388443 -0.233003
0.0388026 -0.233259
0.0387622 -0.233514
0.0387229 -0.23377
0.0386849 -0.234026
0.038648 -0.234282
0.0386123 -0.234537
0.0385778 -0.234793
0.0385445 -0.235049
0.0385124 -0.235305
0.0384814 -0.235561
0.0384517 -0.235817
0.0384232 -0.236073
0.0383958 -0.236329
0.0383697 -0.236585
0.0383447 -0.236841
0.038321 -0.237097
0.0382985 -0.237353
0.0382773 -0.23761
0.0382572 -0.237866
0.0382385 -0.238122
0.0382209 -0.238379
0.0382047 -0.238635
0.0381897 -0.238892
0.038176 -0.239148
0.0381636 -0.239405
0.0381526 -0.239662
0.0381429 -0.239918
0.0381345 -0.240175
0.0381276 -0.240433
0.038122 -0.24069
0.0381179 -0.240947
0.0381152 -0.241205
0.0381141 -0.241462
0.0381144 -0.24172
0.0381163 -0.241979
0.0381197 -0.242237
0.0381248 -0.242496
0.0381315 -0.242755
0.0381398 -0.243014
0.0381499 -0.243273
0.0381617 -0.243533
0.0381752 -0.243793
0.0381906 -0.244054
0.0382077 -0.244315
0.0382267 -0.244576
0.0382475 -0.244838
0.0382703 -0.2451
0.0382949 -0.245362
0.0383215 -0.245625
0.03835 -0.245888
0.0383805 -0.246152
0.038413 -0.246416
0.0384474 -0.246681
0.0384838 -0.246946
0.0385223 -0.247212
0.0385627 -0.247478
0.0386052 -0.247745
0.0386497 -0.248012
0.0386961 -0.248279
0.0387446 -0.248548
0.0387952 -0.248816
0.0388477 -0.249085
0.0389022 -0.249355
0.0389587 -0.249625
0.0390172 -0.249895
0.0390777 -0.250166
0.0391402 -0.250437
0.0392046 -0.250709
0.039271 -0.250981
0.0393394 -0.251254
0.0394097 -0.251527
0.0394819 -0.2518
0.0395561 -0.252074
0.0396321 -0.252349
0.0397101 -0.252623
0.03979 -0.252899
0.0398717 -0.253174
0.0399553 -0.25345
0.0400408 -0.253726
0.0401281 -0.254003
0.0402172 -0.25428
0.0403082 -0.254558
0.0404009 -0.254835
0.0404955 -0.255114
0.0405918 -0.255392
0.04069 -0.255671
0.0407898 -0.25595
0.0408915 -0.256229
0.0409948 -0.256509
0.0410999 -0.256789
0.0412067 -0.25707
0.0413152 -0.25735
0.0414254 -0.257631
0.0415373 -0.257912
0.0416508 -0.258194
0.041766 -0.258476
0.0418828 -0.258758
0.0420012 -0.25904
0.0421213 -0.259322
0.042243 -0.259605
0.0423662 -0.259888
0.0424911 -0.260171
0.0426175 -0.260455
0.0427455 -0.260738
0.042875 -0.261022
0.043006 -0.261306
0.0431386 -0.26159
0.0432727 -0.261875
0.0434082 -0.262159
0.0435453 -0.262444
0.0436838 -0.262729
0.0438238 -0.263014
0.0439653 -0.263299
0.0441082 -0.263584
0.0442525 -0.26387
0.0443982 -0.264155
0.0445454 -0.264441
0.0446939 -0.264727
0.0448438 -0.265013
0.0449951 -0.265299
0.0451478 -0.265585
0.0453018 -0.265871
0.0454571 -0.266157
0.0456138 -0.266444
0.0457718 -0.26673
0.0459311 -0.267017
0.0460917 -0.267303
0.0462536 -0.26759
0.0464168 -0.267877
0.0465812 -0.268163
0.0467469 -0.26845
0.0469138 -0.268737
0.0470819 -0.269024
0.0472513 -0.269311
0.0474219 -0.269598
0.0475937 -0.269884
0.0477666 -0.270171
0.0479408 -0.270458
0.0481161 -0.270745
0.0482926 -0.271032
0.0484702 -0.271319
0.0486489 -0.271606
0.0488288 -0.271893
0.0490098 -0.272179
0.0491919 -0.272466
0.0493751 -0.272753
0.0495594 -0.273039
0.0497448 -0.273326
0.0499312 -0.273612
0.0501187 -0.273899
0.0503072 -0.274185
0.0504968 -0.274472
0.0506874 -0.274758
0.050879 -0.275044
0.0510717 -0.27533
0.0512653 -0.275616
0.0514599 -0.275902
0.0516555 -0.276188
0.051852 -0.276473
0.0520495 -0.276759
0.052248 -0.277044
0.0524474 -0.277329
0.0526477 -0.277614
0.052849 -0.277899
0.0530511 -0.278184
0.0532542 -0.278469
0.0534581 -0.278754
0.053663 -0.279038
0.0538687 -0.279322
0.0540753 -0.279606
0.0542827 -0.27989
0.054491 -0.280174
0.0547001 -0.280457
0.05491 -0.280741
0.0551208 -0.281024
0.0553324 -0.281307
0.0555447 -0.28159
0.0557579 -0.281872
0.0559718 -0.282155
0.0561866 -0.282437
0.0564021 -0.282719
0.0566183 -0.283001
0.0568353 -0.283282
0.057053 -0.283563
0.0572715 -0.283844
0.0574907 -0.284125
0.0577106 -0.284406
0.0579312 -0.284686
0.0581525 -0.284966
0.0583745 -0.285246
0.0585972 -0.285526
0.0588205 -0.285805
0.0590445 -0.286084
0.0592692 -0.286363
0.0594945 -0.286641
0.0597204 -0.28692
0.059947 -0.287198
0.0601742 -0.287475
0.060402 -0.287753
0.0606304 -0.28803
0.0608595 -0.288307
0.0610891 -0.288583
0.0613193 -0.288859
0.06155 -0.289135
0.0617814 -0.289411
0.0620132 -0.289686
0.0622457 -0.289961
0.0624787 -0.290236
0.0627122 -0.29051
0.0629462 -0.290784
0.0631808 -0.291058
0.0634159 -0.291331
0.0636515 -0.291604
0.0638875 -0.291877
0.0641241 -0.292149
0.0643612 -0.292421
0.0645987 -0.292692
0.0648367 -0.292963
0.0650752 -0.293234
0.0653141 -0.293505
0.0655534 -0.293775
0.0657933 -0.294045
0.0660335 -0.294314
0.0662742 -0.294583
0.0665153 -0.294852
0.0667568 -0.29512
0.0669987 -0.295388
0.067241 -0.295655
0.0674837 -0.295922
0.0677268 -0.296189
0.0679703 -0.296455
0.0682142 -0.296721
0.0684584 -0.296986
0.068703 -0.297251
0.068948 -0.297515
0.0691933 -0.297779
0.069439 -0.298043
0.0696851 -0.298306
0.0699315 -0.298569
0.0701782 -0.298831
0.0704253 -0.299093
0.0706727 -0.299354
0.0709205 -0.299615
0.0711686 -0.299875
0.071417 -0.300135
0.0716658 -0.300394
0.0719149 -0.300653
0.0721643 -0.300911
0.0724141 -0.301169
0.0726642 -0.301426
0.0729146 -0.301683
0.0731654 -0.301939
0.0734166 -0.302194
0.0736681 -0.302449
0.07392 -0.302703
0.0741722 -0.302957
0.0744248 -0.303209
0.0746778 -0.303461
0.0749312 -0.303713
0.0751849 -0.303964
0.0754391 -0.304214
0.0756937 -0.304463
0.0759487 -0.304711
0.0762042 -0.304959
0.07646 -0.305206
0.0767164 -0.305452
0.0769732 -0.305697
0.0772304 -0.305941
0.0774881 -0.306185
0.0777463 -0.306427
0.078005 -0.306669
0.0782642 -0.306909
0.0785239 -0.307149
0.078784 -0.307388
0.0790447 -0.307625
0.0793058 -0.307862
0.0795675 -0.308098
0.0798296 -0.308333
0.0800922 -0.308567
0.0803554 -0.3088
0.080619 -0.309031
0.0808831 -0.309262
0.0811477 -0.309492
0.0814128 -0.309721
0.0816784 -0.309948
0.0819444 -0.310175
0.0822109 -0.310401
0.0824779 -0.310625
0.0827453 -0.310849
0.0830131 -0.311071
0.0832814 -0.311293
0.0835502 -0.311513
0.0838193 -0.311733
0.0840889 -0.311951
0.0843589 -0.312169
0.0846293 -0.312385
0.0849001 -0.312601
0.0851712 -0.312815
0.0854428 -0.313028
0.0857147 -0.313241
0.085987 -0.313452
0.0862596 -0.313662
0.0865326 -0.313871
0.0868059 -0.31408
0.0870795 -0.314287
0.0873535 -0.314493
0.0876277 -0.314698
0.0879023 -0.314903
0.0881771 -0.315106
0.0884523 -0.315308
0.0887277 -0.31551
0.0890034 -0.31571
0.0892794 -0.315909
0.0895556 -0.316108
0.089832 -0.316305
0.0901087 -0.316501
0.0903856 -0.316697
0.0906628 -0.316891
0.0909401 -0.317085
0.0912177 -0.317278
0.0914954 -0.317469
0.0917734 -0.31766
0.0920515 -0.31785
0.0923298 -0.318038
0.0926082 -0.318226
0.0928868 -0.318413
0.0931656 -0.318599
0.0934445 -0.318784
0.0937235 -0.318968
0.0940027 -0.319151
0.0942819 -0.319333
0.0945613 -0.319515
0.0948408 -0.319695
0.0951204 -0.319875
0.0954001 -0.320053
0.0956798 -0.320231
0.0959596 -0.320408
0.0962395 -0.320584
0.0965195 -0.320758
0.0967995 -0.320933
0.0970795 -0.321106
0.0973596 -0.321278
0.0976397 -0.321449
0.0979198 -0.32162
0.0982 -0.321789
0.0984801 -0.321958
0.0987603 -0.322126
0.0990404 -0.322293
0.0993206 -0.322459
0.0996007 -0.322624
0.0998808 -0.322789
0.100161 -0.322952
0.100441 -0.323115
0.100721 -0.323277
0.101001 -0.323438
0.101281 -0.323598
0.10156 -0.323757
0.10184 -0.323916
0.10212 -0.324073
0.102399 -0.32423
0.102679 -0.324386
0.102958 -0.324541
0.103238 -0.324695
0.103517 -0.324849
0.103796 -0.325001
0.104075 -0.325153
0.104354 -0.325304
0.104632 -0.325454
0.104911 -0.325603
0.105189 -0.325752
0.105467 -0.3259
0.105745 -0.326047
0.106023 -0.326193
0.106301 -0.326338
0.106579 -0.326483
0.106856 -0.326626
0.107133 -0.326769
0.10741 -0.326912
0.107687 -0.327053
0.107964 -0.327194
0.10824 -0.327333
0.108516 -0.327473
0.108792 -0.327611
0.109068 -0.327748
0.109344 -0.327885
0.109619 -0.328021
0.109894 -0.328156
0.110169 -0.328291
0.110443 -0.328425
0.110718 -0.328558
0.110992 -0.32869
0.111265 -0.328821
0.111539 -0.328952
0.111812 -0.329082
0.112085 -0.329211
0.112358 -0.32934
0.11263 -0.329468
0.112902 -0.329595
0.113174 -0.329721
0.113445 -0.329847
0.113716 -0.329972
0.113987 -0.330096
0.114258 -0.330219
0.114528 -0.330342
0.114798 -0.330464
0.115067 -0.330585
0.115336 -0.330706
0.115605 -0.330826
0.115874 -0.330945
0.116142 -0.331064
0.11641 -0.331181
0.116677 -0.331299
0.116944 -0.331415
0.117211 -0.331531
0.117477 -0.331646
0.117743 -0.33176
0.118008 -0.331874
0.118274 -0.331987
0.118538 -0.332099
0.118803 -0.332211
0.119067 -0.332322
0.11933 -0.332432
0.119593 -0.332542
0.119856 -0.332651
0.120119 -0.332759
0.12038 -0.332867
0.120642 -0.332974
0.120903 -0.333081
0.121164 -0.333186
0.121424 -0.333291
0.121684 -0.333396
0.121943 -0.3335
0.122202 -0.333603
0.12246 -0.333706
0.122718 -0.333807
0.122976 -0.333909
0.123233 -0.334009
0.123489 -0.334109
0.123745 -0.334209
0.124001 -0.334308
0.124256 -0.334406
0.124511 -0.334503
0.124765 -0.3346
0.125019 -0.334697
0.125272 -0.334792
0.125525 -0.334887
0.125777 -0.334982
0.126029 -0.335076
0.12628 -0.335169
0.126531 -0.335262
0.126781 -0.335354
0.127031 -0.335446
0.12728 -0.335536
0.127529 -0.335627
0.127777 -0.335717
0.128025 -0.335806
0.128272 -0.335894
0.128519 -0.335982
0.128765 -0.33607
0.12901 -0.336157
0.129255 -0.336243
0.1295 -0.336329
0.129744 -0.336414
0.129987 -0.336499
0.13023 -0.336583
0.130472 -0.336666
0.130714 -0.336749
0.130955 -0.336831
0.131196 -0.336913
0.131436 -0.336994
0.131676 -0.337075
0.131915 -0.337155
0.132153 -0.337235
0.132391 -0.337314
0.132628 -0.337393
0.132865 -0.337471
0.133101 -0.337548
0.133336 -0.337625
0.133571 -0.337702
0.133806 -0.337778
0.134039 -0.337853
0.134272 -0.337928
0.134505 -0.338002
0.134737 -0.338076
0.134968 -0.338149
0.135199 -0.338222
0.135429 -0.338294
0.135659 -0.338366
0.135888 -0.338437
0.136116 -0.338508
0.136344 -0.338578
0.136571 -0.338648
0.136798 -0.338717
0.137024 -0.338786
0.137249 -0.338854
0.137474 -0.338922
0.137698 -0.338989
0.137921 -0.339056
0.138144 -0.339122
0.138366 -0.339188
0.138588 -0.339254
0.138809 -0.339318
0.139029 -0.339383
0.139249 -0.339447
0.139468 -0.33951
0.139686 -0.339573
0.139904 -0.339636
0.140121 -0.339698
0.140337 -0.339759
0.140553 -0.33982
0.140769 -0.339881
0.140983 -0.339941
0.141197 -0.340001
0.14141 -0.34006
0.141623 -0.340119
0.141835 -0.340177
0.142046 -0.340235
0.142257 -0.340293
0.142467 -0.34035
0.142676 -0.340406
0.142885 -0.340462
0.143093 -0.340518
0.1433 -0.340573
0.143507 -0.340628
0.143713 -0.340682
0.143918 -0.340736
0.144123 -0.34079
0.144327 -0.340843
0.14453 -0.340896
0.144733 -0.340948
0.144935 -0.341
0.145136 -0.341051
0.145337 -0.341102
0.145537 -0.341153
0.145736 -0.341203
0.145935 -0.341253
0.146133 -0.341302
0.14633 -0.341351
0.146526 -0.3414
0.146722 -0.341448
0.146918 -0.341496
0.147112 -0.341543
0.147306 -0.34159
0.147499 -0.341636
0.147692 -0.341682
0.147883 -0.341728
0.148074 -0.341774
0.148265 -0.341819
0.148454 -0.341863
0.148643 -0.341907
0.148832 -0.341951
0.149019 -0.341995
0.149206 -0.342038
0.149392 -0.34208
0.149578 -0.342123
0.149762 -0.342164
0.149946 -0.342206
0.15013 -0.342247
0.150312 -0.342288
0.150494 -0.342328
0.150675 -0.342368
0.150855 -0.342408
0.151035 -0.342447
0.151214 -0.342486
0.151392 -0.342525
0.151569 -0.342563
0.151746 -0.342601
0.151921 -0.342639
0.152096 -0.342676
0.152271 -0.342712
0.152444 -0.342749
0.152616 -0.342785
0.152788 -0.342821
0.152959 -0.342856
0.153129 -0.342891
0.153298 -0.342925
0.153466 -0.34296
0.153633 -0.342994
0.153799 -0.343027
0.153964 -0.34306
0.154129 -0.343093
0.154292 -0.343125
0.154454 -0.343157
0.154615 -0.343189
0.154774 -0.34322
0.154933 -0.343251
0.15509 -0.343282
0.155247 -0.343312
0.155401 -0.343342
0.155555 -0.343371
0.155707 -0.3434
0.155858 -0.343429
0.156007 -0.343457
0.156155 -0.343485
0.156301 -0.343512
0.156446 -0.343539
0.156589 -0.343566
0.15673 -0.343592
0.15687 -0.343617
0.157008 -0.343643
0.157144 -0.343668
0.157279 -0.343692
0.157412 -0.343716
0.157543 -0.34374
0.157672 -0.343763
0.157799 -0.343786
0.157925 -0.343808
0.158048 -0.34383
0.15817 -0.343852
0.15829 -0.343873
0.158408 -0.343893
0.158524 -0.343914
0.158638 -0.343933
0.15875 -0.343953
0.158861 -0.343972
0.158969 -0.34399
0.159076 -0.344008
0.159181 -0.344026
0.159284 -0.344044
0.159385 -0.34406
0.159484 -0.344077
0.159581 -0.344093
0.159677 -0.344109
0.15977 -0.344124
0.159862 -0.344139
0.159952 -0.344154
0.16004 -0.344168
0.160126 -0.344182
0.160211 -0.344195
0.160294 -0.344208
0.160374 -0.344221
0.160454 -0.344233
0.160531 -0.344245
0.160607 -0.344256
0.160681 -0.344267
0.160753 -0.344278
0.160823 -0.344288
0.160892 -0.344298
0.160959 -0.344308
0.161025 -0.344317
0.161088 -0.344326
0.16115 -0.344335
0.161211 -0.344343
0.16127 -0.344351
0.161327 -0.344359
0.161382 -0.344366
0.161436 -0.344373
0.161489 -0.344379
0.161539 -0.344385
0.161588 -0.344391
0.161636 -0.344397
0.161682 -0.344402
0.161727 -0.344407
0.16177 -0.344411
0.161811 -0.344416
0.161851 -0.34442
0.161889 -0.344423
0.161926 -0.344427
0.161962 -0.34443
0.161996 -0.344432
0.162028 -0.344435
0.162059 -0.344437
0.162089 -0.344439
0.162117 -0.34444
0.162144 -0.344441
0.16217 -0.344442
0.162194 -0.344443
0.162216 -0.344443
0.162238 -0.344443
0.162257 -0.344443
0.162276 -0.344442
0.162293 -0.344441
0.162309 -0.34444
0.162324 -0.344439
0.162337 -0.344437
0.162349 -0.344436
0.162359 -0.344433
0.162369 -0.344431
0.162377 -0.344428
0.162384 -0.344425
0.162389 -0.344422
0.162393 -0.344419
0.162397 -0.344415
0.162398 -0.344411
0.162399 -0.344407
0.162398 -0.344402
0.162397 -0.344398
0.162394 -0.344393
0.16239 -0.344387
0.162384 -0.344382
0.162378 -0.344376
0.16237 -0.344371
0.162361 -0.344364
0.162351 -0.344358
0.16234 -0.344351
0.162328 -0.344345
0.162315 -0.344338
0.162301 -0.34433
0.162285 -0.344323
0.162269 -0.344315
0.162251 -0.344307
0.162232 -0.344299
0.162213 -0.344291
0.162192 -0.344282
0.16217 -0.344274
0.162147 -0.344265
0.162124 -0.344255
0.162099 -0.344246
0.162073 -0.344237
0.162046 -0.344227
0.162018 -0.344217
0.16199 -0.344207
0.16196 -0.344196
0.161929 -0.344186
0.161897 -0.344175
0.161865 -0.344164
0.161831 -0.344153
0.161797 -0.344142
0.161761 -0.34413
0.161725 -0.344119
0.161688 -0.344107
0.16165 -0.344095
0.161611 -0.344083
0.161571 -0.344071
0.16153 -0.344058
0.161489 -0.344045
0.161446 -0.344033
0.161403 -0.34402
0.161359 -0.344006
0.161314 -0.343993
0.161268 -0.34398
0.161222 -0.343966
0.161175 -0.343952
0.161126 -0.343938
0.161077 -0.343924
0.161028 -0.34391
0.160977 -0.343896
0.160926 -0.343881
0.160874 -0.343866
0.160821 -0.343852
0.160768 -0.343837
0.160713 -0.343822
0.160658 -0.343806
0.160603 -0.343791
0.160546 -0.343775
0.160489 -0.34376
0.160431 -0.343744
0.160373 -0.343728
0.160313 -0.343712
0.160254 -0.343696
0.160193 -0.34368
0.160132 -0.343663
0.16007 -0.343647
0.160007 -0.34363
0.159944 -0.343613
0.15988 -0.343596
0.159816 -0.343579
0.159751 -0.343562
0.159685 -0.343545
0.159619 -0.343528
0.159552 -0.34351
0.159484 -0.343493
0.159416 -0.343475
0.159347 -0.343457
0.159278 -0.343439
0.159208 -0.343421
0.159138 -0.343403
0.159067 -0.343385
0.158995 -0.343367
0.158923 -0.343348
0.158851 -0.34333
0.158777 -0.343311
0.158704 -0.343293
0.15863 -0.343274
0.158555 -0.343255
0.15848 -0.343236
0.158404 -0.343217
0.158328 -0.343198
0.158251 -0.343179
0.158174 -0.343159
0.158096 -0.34314
0.158018 -0.343121
0.157939 -0.343101
0.15786 -0.343081
0.157781 -0.343062
0.157701 -0.343042
0.157621 -0.343022
0.15754 -0.343002
0.157458 -0.342982
0.157377 -0.342962
0.157295 -0.342942
0.157212 -0.342922
0.157129 -0.342902
0.157046 -0.342881
0.156962 -0.342861
0.156878 -0.342841
0.156794 -0.34282
0.156709 -0.3428
0.156623 -0.342779
0.156538 -0.342758
0.156452 -0.342737
0.156366 -0.342717
0.156279 -0.342696
0.156192 -0.342675
0.156105 -0.342654
0.156017 -0.342633
0.155929 -0.342612
0.15584 -0.342591
0.155752 -0.34257
0.155663 -0.342548
0.155574 -0.342527
0.155485 -0.342506
0.155396 -0.342485
0.155307 -0.342464
0.155219 -0.342443
0.155131 -0.342422
0.155044 -0.342401
0.154956 -0.342381
0.154869 -0.34236
0.154783 -0.342339
0.154696 -0.342319
0.15461 -0.342298
0.154524 -0.342278
0.154439 -0.342258
0.154353 -0.342238
0.154268 -0.342217
0.154184 -0.342197
0.154099 -0.342177
0.154015 -0.342157
0.153931 -0.342138
0.153847 -0.342118
0.153764 -0.342098
0.153681 -0.342078
0.153598 -0.342059
0.153516 -0.342039
0.153434 -0.34202
0.153352 -0.342001
0.15327 -0.341981
0.153189 -0.341962
0.153108 -0.341943
0.153027 -0.341924
0.152947 -0.341905
0.152866 -0.341886
0.152787 -0.341868
0.152707 -0.341849
0.152628 -0.34183
0.152548 -0.341812
0.15247 -0.341793
0.152391 -0.341775
0.152313 -0.341756
0.152235 -0.341738
0.152157 -0.34172
0.15208 -0.341702
0.152003 -0.341684
0.151926 -0.341666
0.15185 -0.341648
0.151773 -0.34163
0.151697 -0.341612
0.151622 -0.341594
0.151546 -0.341577
0.151471 -0.341559
0.151396 -0.341542
0.151322 -0.341524
0.151247 -0.341507
0.151173 -0.34149
0.1511 -0.341473
0.151026 -0.341456
0.150953 -0.341439
0.15088 -0.341422
0.150808 -0.341405
0.150735 -0.341388
0.150663 -0.341371
0.150591 -0.341355
0.15052 -0.341338
0.150449 -0.341322
0.150378 -0.341305
