0.16264 -0.1453
0.16264 -0.1453
0.16264 -0.1453
0.162639 -0.1453
0.162639 -0.145301
0.162639 -0.145301
0.162638 -0.145301
0.162637 -0.145302
0.162636 -0.145303
0.162635 -0.145303
0.162634 -0.145304
0.162633 -0.145306
0.162631 -0.145307
0.162629 -0.145309
0.162627 -0.145311
0.162624 -0.145313
0.162621 -0.145315
0.162617 -0.145318
0.162612 -0.145322
0.162607 -0.145325
0.1626 -0.14533
0.162591 -0.145335
0.162581 -0.145341
0.162569 -0.145347
0.162554 -0.145355
0.162535 -0.145364
0.162512 -0.145374
0.162485 -0.145385
0.162452 -0.145398
0.162413 -0.145413
0.162366 -0.145429
0.162311 -0.145447
0.162248 -0.145467
0.162175 -0.145488
0.162091 -0.145511
0.161998 -0.145535
0.161893 -0.145559
0.161776 -0.145585
0.161649 -0.14561
0.16151 -0.145635
0.161361 -0.145659
0.161202 -0.145682
0.161033 -0.145704
0.160855 -0.145723
0.160669 -0.14574
0.160476 -0.145755
0.160277 -0.145767
0.160074 -0.145776
0.159866 -0.145783
0.159657 -0.145788
0.159446 -0.145791
0.159234 -0.145792
0.159024 -0.145793
0.158815 -0.145793
0.158608 -0.145793
0.158404 -0.145794
0.158205 -0.145797
0.158009 -0.145801
0.157818 -0.145808
0.157632 -0.145818
0.15745 -0.145831
0.157273 -0.145847
0.157099 -0.145867
0.15693 -0.145891
0.156763 -0.145919
0.156599 -0.14595
0.156436 -0.145986
0.156274 -0.146026
0.156112 -0.146069
0.155949 -0.146116
0.155785 -0.146166
0.155617 -0.146219
0.155447 -0.146276
0.155272 -0.146335
0.155093 -0.146397
0.154909 -0.146462
0.154719 -0.146528
0.154523 -0.146597
0.154321 -0.146669
0.154113 -0.146742
0.153898 -0.146817
0.153678 -0.146894
0.153451 -0.146973
0.153219 -0.147054
0.152981 -0.147137
0.152738 -0.147221
0.15249 -0.147307
0.152237 -0.147396
0.151981 -0.147485
0.151721 -0.147577
0.151458 -0.147671
0.151193 -0.147766
0.150925 -0.147863
0.150656 -0.147962
0.150385 -0.148062
0.150114 -0.148164
0.149842 -0.148268
0.14957 -0.148374
0.149299 -0.148481
0.149028 -0.148589
0.148758 -0.148699
0.14849 -0.14881
0.148223 -0.148922
0.147958 -0.149035
0.147695 -0.149149
0.147434 -0.149264
0.147177 -0.149379
0.146922 -0.149494
0.146671 -0.14961
0.146424 -0.149726
0.14618 -0.149841
0.14594 -0.149956
0.145705 -0.15007
0.145475 -0.150184
0.145249 -0.150296
0.145028 -0.150407
0.144813 -0.150518
0.144603 -0.150626
0.144398 -0.150733
0.1442 -0.150839
0.144006 -0.150942
0.143819 -0.151044
0.143638 -0.151144
0.143462 -0.151241
0.143292 -0.151337
0.143128 -0.151431
0.14297 -0.151523
0.142817 -0.151613
0.14267 -0.151701
0.142528 -0.151787
0.142391 -0.151871
0.142259 -0.151953
0.142132 -0.152034
0.14201 -0.152113
0.141891 -0.152191
0.141777 -0.152268
0.141666 -0.152343
0.141558 -0.152418
0.141453 -0.152491
0.14135 -0.152564
0.14125 -0.152637
0.141151 -0.15271
0.141053 -0.152782
0.140956 -0.152855
0.140859 -0.152928
0.140762 -0.153001
0.140665 -0.153075
0.140567 -0.15315
0.140467 -0.153227
0.140366 -0.153304
0.140263 -0.153383
0.140157 -0.153464
0.140049 -0.153546
0.139939 -0.15363
0.139825 -0.153716
0.139708 -0.153804
0.139588 -0.153894
0.139464 -0.153987
0.139336 -0.154081
0.139205 -0.154178
0.13907 -0.154277
0.138932 -0.154378
0.138789 -0.154482
0.138643 -0.154588
0.138492 -0.154697
0.138338 -0.154808
0.13818 -0.154921
0.138018 -0.155037
0.137852 -0.155155
0.137683 -0.155276
0.13751 -0.155399
0.137333 -0.155524
0.137153 -0.155652
0.136969 -0.155782
0.136782 -0.155915
0.136592 -0.156049
0.136399 -0.156186
0.136203 -0.156325
0.136003 -0.156467
0.135801 -0.15661
0.135597 -0.156756
0.13539 -0.156903
0.13518 -0.157053
0.134969 -0.157205
0.134755 -0.157359
0.13454 -0.157514
0.134322 -0.157672
0.134104 -0.157831
0.133884 -0.157993
0.133662 -0.158156
0.133439 -0.158321
0.133216 -0.158487
0.132991 -0.158655
0.132766 -0.158825
0.132539 -0.158997
0.132313 -0.15917
0.132085 -0.159345
0.131858 -0.159521
0.131629 -0.159699
0.131401 -0.159878
0.131172 -0.160059
0.130943 -0.160242
0.130714 -0.160426
0.130484 -0.160611
0.130255 -0.160797
0.130026 -0.160986
0.129796 -0.161175
0.129566 -0.161366
0.129337 -0.161558
0.129107 -0.161752
0.128878 -0.161947
0.128649 -0.162143
0.128419 -0.16234
0.12819 -0.162539
0.127961 -0.162739
0.127732 -0.16294
0.127504 -0.163143
0.127275 -0.163346
0.127047 -0.163551
0.126819 -0.163757
0.126591 -0.163964
0.126364 -0.164172
0.126136 -0.164381
0.125909 -0.164591
0.125683 -0.164803
0.125457 -0.165015
0.125231 -0.165227
0.125005 -0.165441
0.12478 -0.165655
0.124555 -0.16587
0.124331 -0.166086
0.124108 -0.166302
0.123884 -0.166519
0.123662 -0.166736
0.12344 -0.166953
0.123219 -0.167171
0.122998 -0.167389
0.122778 -0.167606
0.122559 -0.167824
0.122341 -0.168042
0.122124 -0.168259
0.121907 -0.168476
0.121692 -0.168693
0.121477 -0.168909
0.121263 -0.169125
0.12105 -0.16934
0.120839 -0.169555
0.120628 -0.169769
0.120418 -0.169982
0.12021 -0.170194
0.120003 -0.170406
0.119796 -0.170617
0.119591 -0.170827
0.119387 -0.171036
0.119184 -0.171244
0.118983 -0.171451
0.118782 -0.171657
0.118583 -0.171862
0.118385 -0.172066
0.118188 -0.172269
0.117992 -0.172472
0.117798 -0.172673
0.117604 -0.172874
0.117412 -0.173073
0.117221 -0.173272
0.117031 -0.173469
0.116842 -0.173666
0.116655 -0.173861
0.116469 -0.174056
0.116283 -0.17425
0.116099 -0.174443
0.115917 -0.174635
0.115735 -0.174827
0.115554 -0.175017
0.115375 -0.175207
0.115197 -0.175396
0.115019 -0.175584
0.114843 -0.175771
0.114668 -0.175958
0.114494 -0.176144
0.114321 -0.176329
0.114149 -0.176513
0.113978 -0.176697
0.113809 -0.17688
0.11364 -0.177063
0.113471 -0.177245
0.113304 -0.177427
0.113138 -0.177608
0.112972 -0.177789
0.112808 -0.177969
0.112644 -0.178149
0.11248 -0.178329
0.112317 -0.178509
0.112155 -0.178688
0.111993 -0.178868
0.111831 -0.179048
0.11167 -0.179227
0.111508 -0.179408
0.111347 -0.179588
0.111185 -0.179769
0.111024 -0.179951
0.110861 -0.180134
0.110699 -0.180318
0.110535 -0.180502
0.110371 -0.180689
0.110205 -0.180876
0.110038 -0.181065
0.10987 -0.181256
0.1097 -0.181449
0.109529 -0.181644
0.109355 -0.181841
0.109179 -0.182041
0.109001 -0.182243
0.108821 -0.182448
0.108638 -0.182656
0.108453 -0.182867
0.108265 -0.18308
0.108074 -0.183297
0.10788 -0.183517
0.107683 -0.183741
0.107484 -0.183968
0.107281 -0.184198
0.107075 -0.184431
0.106866 -0.184668
0.106654 -0.184908
0.106438 -0.185152
0.10622 -0.1854
0.105998 -0.185651
0.105773 -0.185905
0.105545 -0.186163
0.105314 -0.186424
0.10508 -0.186689
0.104842 -0.186958
0.104602 -0.187229
0.104358 -0.187505
0.104112 -0.187783
0.103862 -0.188066
0.10361 -0.188351
0.103354 -0.18864
0.103096 -0.188932
0.102835 -0.189227
0.10257 -0.189526
0.102303 -0.189828
0.102034 -0.190133
0.101761 -0.190442
0.101486 -0.190753
0.101208 -0.191068
0.100927 -0.191386
0.100644 -0.191707
0.100359 -0.192031
0.10007 -0.192358
0.0997794 -0.192688
0.0994861 -0.193021
0.0991904 -0.193357
0.0988922 -0.193696
0.0985917 -0.194037
0.0982889 -0.194382
0.0979837 -0.194729
0.0976763 -0.195079
0.0973667 -0.195432
0.0970548 -0.195788
0.0967408 -0.196146
0.0964248 -0.196508
0.0961066 -0.196871
0.0957864 -0.197238
0.0954642 -0.197606
0.09514 -0.197978
0.094814 -0.198352
0.094486 -0.198728
0.0941562 -0.199107
0.0938247 -0.199488
0.0934914 -0.199872
0.0931565 -0.200258
0.0928199 -0.200646
0.0924817 -0.201036
0.092142 -0.201429
0.0918009 -0.201824
0.0914583 -0.202221
0.0911145 -0.202619
0.0907694 -0.20302
0.0904231 -0.203423
0.0900758 -0.203827
0.0897275 -0.204234
0.0893783 -0.204641
0.0890283 -0.205051
0.0886776 -0.205462
0.0883264 -0.205874
0.0879748 -0.206288
0.0876229 -0.206703
0.0872708 -0.207119
0.0869188 -0.207536
0.086567 -0.207953
0.0862155 -0.208372
0.0858646 -0.208791
0.0855143 -0.20921
0.0851649 -0.20963
0.0848165 -0.210049
0.0844694 -0.210469
0.0841237 -0.210889
0.0837796 -0.211308
0.0834371 -0.211727
0.0830966 -0.212145
0.0827581 -0.212563
0.0824218 -0.21298
0.0820878 -0.213396
0.0817562 -0.213811
0.0814271 -0.214225
0.0811006 -0.214638
0.0807768 -0.21505
0.0804558 -0.215461
0.0801376 -0.21587
0.0798223 -0.216278
0.0795099 -0.216685
0.0792005 -0.21709
0.0788942 -0.217493
0.0785908 -0.217896
0.0782906 -0.218296
0.0779934 -0.218696
0.0776993 -0.219093
0.0774083 -0.219489
0.0771204 -0.219884
0.0768357 -0.220277
0.076554 -0.220669
0.0762755 -0.221059
0.0760001 -0.221447
0.0757278 -0.221834
0.0754586 -0.222219
0.0751925 -0.222603
0.0749295 -0.222985
0.0746696 -0.223366
0.0744128 -0.223745
0.074159 -0.224122
0.0739083 -0.224498
0.0736606 -0.224873
0.0734159 -0.225246
0.0731743 -0.225617
0.0729357 -0.225987
0.0727 -0.226356
0.0724674 -0.226723
0.0722377 -0.227088
0.072011 -0.227452
0.0717872 -0.227815
0.0715664 -0.228176
0.0713485 -0.228535
0.0711335 -0.228893
0.0709214 -0.22925
0.0707121 -0.229605
0.0705057 -0.229959
0.0703022 -0.230311
0.0701016 -0.230662
0.0699037 -0.231011
0.0697087 -0.231359
0.0695165 -0.231706
0.069327 -0.232051
0.0691404 -0.232395
0.0689565 -0.232737
0.0687753 -0.233078
0.0685969 -0.233418
0.0684212 -0.233756
0.0682482 -0.234093
0.068078 -0.234429
0.0679104 -0.234763
0.0677454 -0.235096
0.0675832 -0.235428
0.0674236 -0.235758
0.0672666 -0.236087
0.0671122 -0.236415
0.0669604 -0.236741
0.0668113 -0.237066
0.0666647 -0.23739
0.0665207 -0.237712
0.0663792 -0.238033
0.0662403 -0.238353
0.0661039 -0.238672
0.06597 -0.238989
0.0658386 -0.239305
0.0657097 -0.23962
0.0655833 -0.239934
0.0654593 -0.240246
0.0653378 -0.240558
0.0652187 -0.240868
0.065102 -0.241176
0.0649878 -0.241484
0.0648759 -0.24179
0.0647664 -0.242095
0.0646592 -0.242399
0.0645544 -0.242702
0.0644519 -0.243004
0.0643517 -0.243304
0.0642539 -0.243604
0.0641582 -0.243902
0.0640649 -0.244199
0.0639738 -0.244495
0.0638849 -0.24479
0.0637981 -0.245084
0.0637136 -0.245377
0.0636312 -0.245668
0.0635509 -0.245959
0.0634727 -0.246249
0.0633965 -0.246537
0.0633224 -0.246825
0.0632503 -0.247112
0.0631801 -0.247397
0.0631119 -0.247682
0.0630456 -0.247966
0.0629811 -0.248249
0.0629184 -0.248532
0.0628575 -0.248813
0.0627982 -0.249094
0.0627407 -0.249374
0.0626848 -0.249653
0.0626305 -0.249931
0.0625777 -0.250209
0.0625264 -0.250487
0.0624766 -0.250763
0.0624281 -0.25104
0.0623811 -0.251315
0.0623353 -0.25159
0.0622909 -0.251865
0.0622476 -0.252139
0.0622057 -0.252413
0.0621649 -0.252686
0.0621252 -0.252959
0.0620867 -0.253232
0.0620493 -0.253504
0.0620131 -0.253775
0.0619779 -0.254047
0.0619437 -0.254318
0.0619106 -0.254589
0.0618785 -0.254859
0.0618475 -0.255129
0.0618174 -0.255399
0.0617884 -0.255669
0.0617603 -0.255938
0.0617332 -0.256207
0.0617071 -0.256475
0.061682 -0.256744
0.0616578 -0.257012
0.0616346 -0.257279
0.0616123 -0.257547
0.0615909 -0.257814
0.0615706 -0.258081
0.0615511 -0.258347
0.0615326 -0.258613
0.061515 -0.258879
0.0614983 -0.259145
0.0614826 -0.25941
0.0614677 -0.259675
0.0614538 -0.25994
0.0614408 -0.260204
0.0614287 -0.260468
0.0614175 -0.260732
0.0614072 -0.260996
0.0613979 -0.261259
0.0613894 -0.261522
0.0613818 -0.261784
0.0613751 -0.262047
0.0613693 -0.262308
0.0613644 -0.26257
0.0613603 -0.262831
0.0613572 -0.263092
0.0613549 -0.263353
0.0613535 -0.263613
0.061353 -0.263873
0.0613533 -0.264133
0.0613545 -0.264392
0.0613566 -0.264651
0.0613595 -0.26491
0.0613633 -0.265168
0.061368 -0.265426
0.0613735 -0.265684
0.0613799 -0.265941
0.0613871 -0.266198
0.0613952 -0.266455
0.0614041 -0.266711
0.0614138 -0.266967
0.0614244 -0.267223
0.0614358 -0.267478
0.0614481 -0.267733
0.0614612 -0.267988
0.0614751 -0.268242
0.0614898 -0.268496
0.0615054 -0.268749
0.0615218 -0.269003
0.061539 -0.269256
0.061557 -0.269508
0.0615759 -0.26976
0.0615955 -0.270012
0.061616 -0.270263
0.0616372 -0.270514
0.0616593 -0.270765
0.0616821 -0.271016
0.0617058 -0.271266
0.0617302 -0.271515
0.0617554 -0.271764
0.0617815 -0.272013
0.0618083 -0.272262
0.0618358 -0.27251
0.0618642 -0.272758
0.0618934 -0.273005
0.0619233 -0.273252
0.061954 -0.273499
0.0619854 -0.273745
0.0620176 -0.273991
0.0620506 -0.274237
0.0620844 -0.274482
0.0621189 -0.274726
0.0621541 -0.274971
0.0621901 -0.275215
0.0622269 -0.275459
0.0622644 -0.275702
0.0623026 -0.275945
0.0623416 -0.276187
0.0623813 -0.276429
0.0624218 -0.276671
0.062463 -0.276912
0.0625049 -0.277153
0.0625475 -0.277394
0.0625909 -0.277634
0.062635 -0.277873
0.0626798 -0.278113
0.0627253 -0.278352
0.0627716 -0.27859
0.0628185 -0.278829
0.0628662 -0.279066
0.0629146 -0.279304
0.0629637 -0.279541
0.0630134 -0.279777
0.0630639 -0.280013
0.0631151 -0.280249
0.063167 -0.280485
0.0632196 -0.28072
0.0632728 -0.280954
0.0633268 -0.281188
0.0633815 -0.281422
0.0634368 -0.281655
0.0634929 -0.281888
0.0635496 -0.282121
0.0636071 -0.282353
0.0636652 -0.282585
0.063724 -0.282816
0.0637835 -0.283047
0.0638438 -0.283278
0.0639047 -0.283508
0.0639663 -0.283738
0.0640287 -0.283968
0.0640918 -0.284197
0.0641556 -0.284426
0.0642201 -0.284654
0.0642854 -0.284882
0.0643515 -0.28511
0.0644183 -0.285337
0.0644859 -0.285564
0.0645543 -0.285791
0.0646235 -0.286017
0.0646935 -0.286243
0.0647644 -0.286469
0.0648362 -0.286695
0.0649088 -0.28692
0.0649823 -0.287145
0.0650568 -0.28737
0.0651321 -0.287594
0.0652085 -0.287818
0.0652858 -0.288043
0.0653641 -0.288266
0.0654435 -0.28849
0.0655238 -0.288714
0.0656052 -0.288937
0.0656876 -0.28916
0.0657711 -0.289383
0.0658557 -0.289606
0.0659413 -0.289829
0.066028 -0.290052
0.0661158 -0.290274
0.0662047 -0.290497
0.0662947 -0.290719
0.0663858 -0.290941
0.0664779 -0.291163
0.0665712 -0.291385
0.0666655 -0.291607
0.0667609 -0.291828
0.0668574 -0.29205
0.066955 -0.292271
0.0670537 -0.292492
0.0671534 -0.292714
0.0672542 -0.292935
0.067356 -0.293155
0.0674589 -0.293376
0.0675628 -0.293597
0.0676678 -0.293817
0.0677737 -0.294037
0.0678808 -0.294258
0.0679888 -0.294478
0.0680978 -0.294697
0.0682079 -0.294917
0.0683189 -0.295137
0.0684309 -0.295356
0.0685439 -0.295575
0.0686579 -0.295794
0.0687728 -0.296013
0.0688887 -0.296232
0.0690056 -0.29645
0.0691234 -0.296669
0.0692421 -0.296887
0.0693617 -0.297105
0.0694823 -0.297322
0.0696038 -0.29754
0.0697262 -0.297757
0.0698494 -0.297974
0.0699736 -0.298191
0.0700987 -0.298408
0.0702246 -0.298625
0.0703514 -0.298841
0.070479 -0.299057
0.0706075 -0.299273
0.0707369 -0.299489
0.0708671 -0.299704
0.0709981 -0.299919
0.0711299 -0.300134
0.0712626 -0.300349
0.071396 -0.300564
0.0715303 -0.300778
0.0716654 -0.300992
0.0718012 -0.301206
0.0719378 -0.301419
0.0720752 -0.301633
0.0722134 -0.301846
0.0723523 -0.302058
0.072492 -0.302271
0.0726324 -0.302483
0.0727736 -0.302695
0.0729155 -0.302907
0.0730581 -0.303118
0.0732014 -0.30333
0.0733455 -0.303541
0.0734902 -0.303751
0.0736357 -0.303962
0.0737818 -0.304172
0.0739286 -0.304382
0.0740761 -0.304591
0.0742243 -0.3048
0.0743731 -0.305009
0.0745226 -0.305218
0.0746727 -0.305426
0.0748235 -0.305634
0.0749749 -0.305842
0.0751269 -0.306049
0.0752796 -0.306257
0.0754329 -0.306463
0.0755868 -0.30667
0.0757413 -0.306876
0.0758963 -0.307082
0.076052 -0.307288
0.0762083 -0.307493
0.0763651 -0.307698
0.0765226 -0.307902
0.0766806 -0.308107
0.0768391 -0.308311
0.0769982 -0.308514
0.0771578 -0.308718
0.077318 -0.308921
0.0774787 -0.309123
0.07764 -0.309326
0.0778018 -0.309527
0.0779641 -0.309729
0.0781269 -0.30993
0.0782902 -0.310131
0.078454 -0.310332
0.0786183 -0.310532
0.078783 -0.310732
0.0789483 -0.310931
0.079114 -0.311131
0.0792803 -0.311329
0.0794469 -0.311528
0.079614 -0.311726
0.0797816 -0.311924
0.0799497 -0.312121
0.0801181 -0.312318
0.080287 -0.312514
0.0804563 -0.312711
0.0806261 -0.312907
0.0807962 -0.313102
0.0809668 -0.313297
0.0811378 -0.313492
0.0813092 -0.313686
0.081481 -0.31388
0.0816531 -0.314074
0.0818257 -0.314267
0.0819986 -0.31446
0.0821719 -0.314652
0.0823456 -0.314844
0.0825196 -0.315036
0.082694 -0.315227
0.0828687 -0.315418
0.0830438 -0.315608
0.0832192 -0.315798
0.083395 -0.315988
0.0835711 -0.316177
0.0837475 -0.316366
0.0839242 -0.316555
0.0841013 -0.316743
0.0842786 -0.31693
0.0844563 -0.317117
0.0846343 -0.317304
0.0848125 -0.317491
0.084991 -0.317677
0.0851699 -0.317862
0.085349 -0.318047
0.0855284 -0.318232
0.085708 -0.318416
0.0858879 -0.3186
0.0860681 -0.318784
0.0862485 -0.318967
0.0864292 -0.31915
0.0866101 -0.319332
0.0867913 -0.319514
0.0869727 -0.319695
0.0871543 -0.319876
0.0873362 -0.320056
0.0875183 -0.320236
0.0877006 -0.320416
0.0878831 -0.320595
0.0880658 -0.320774
0.0882487 -0.320952
0.0884319 -0.32113
0.0886152 -0.321308
0.0887987 -0.321485
0.0889824 -0.321661
0.0891663 -0.321837
0.0893504 -0.322013
0.0895347 -0.322188
0.0897192 -0.322363
0.0899038 -0.322537
0.0900886 -0.322711
0.0902736 -0.322884
0.0904587 -0.323057
0.0906441 -0.323229
0.0908296 -0.323401
0.0910152 -0.323572
0.0912011 -0.323743
0.0913871 -0.323914
0.0915733 -0.324083
0.0917596 -0.324253
0.0919462 -0.324422
0.0921329 -0.32459
0.0923198 -0.324758
0.0925069 -0.324925
0.0926942 -0.325091
0.0928817 -0.325257
0.0930694 -0.325423
0.0932574 -0.325587
0.0934455 -0.325752
0.0936339 -0.325915
0.0938225 -0.326078
0.0940114 -0.32624
0.0942005 -0.326402
0.0943898 -0.326563
0.0945794 -0.326723
0.0947693 -0.326882
0.0949594 -0.327041
0.0951499 -0.327199
0.0953405 -0.327356
0.0955315 -0.327513
0.0957228 -0.327669
0.0959143 -0.327824
0.0961061 -0.327978
0.0962981 -0.328131
0.0964905 -0.328284
0.0966831 -0.328436
0.096876 -0.328587
0.0970692 -0.328738
0.0972626 -0.328887
0.0974563 -0.329036
0.0976503 -0.329184
0.0978445 -0.329332
0.0980389 -0.329478
0.0982336 -0.329624
0.0984286 -0.329769
0.0986237 -0.329913
0.0988191 -0.330057
0.0990148 -0.330199
0.0992106 -0.330341
0.0994067 -0.330482
0.099603 -0.330623
0.0997995 -0.330763
0.0999961 -0.330901
0.100193 -0.33104
0.10039 -0.331177
0.100587 -0.331314
0.100785 -0.331449
0.100982 -0.331585
0.10118 -0.331719
0.101378 -0.331853
0.101576 -0.331985
0.101774 -0.332118
0.101973 -0.332249
0.102171 -0.33238
0.10237 -0.33251
0.102569 -0.332639
0.102768 -0.332767
0.102967 -0.332895
0.103166 -0.333022
0.103365 -0.333149
0.103564 -0.333274
0.103764 -0.333399
0.103963 -0.333523
0.104163 -0.333647
0.104363 -0.333769
0.104562 -0.333892
0.104762 -0.334013
0.104962 -0.334134
0.105162 -0.334254
0.105362 -0.334373
0.105562 -0.334491
0.105762 -0.334609
0.105962 -0.334726
0.106163 -0.334843
0.106363 -0.334959
0.106563 -0.335074
0.106763 -0.335188
0.106964 -0.335302
0.107164 -0.335415
0.107364 -0.335528
0.107565 -0.335639
0.107765 -0.335751
0.107965 -0.335861
0.108165 -0.335971
0.108366 -0.33608
0.108566 -0.336188
0.108766 -0.336296
0.108966 -0.336403
0.109167 -0.33651
0.109367 -0.336616
0.109567 -0.336721
0.109767 -0.336825
0.109967 -0.336929
0.110167 -0.337033
0.110367 -0.337135
0.110566 -0.337237
0.110766 -0.337339
0.110966 -0.337439
0.111165 -0.33754
0.111365 -0.337639
0.111564 -0.337738
0.111764 -0.337836
0.111963 -0.337934
0.112162 -0.338031
0.112361 -0.338127
0.11256 -0.338223
0.112759 -0.338318
0.112958 -0.338413
0.113156 -0.338507
0.113355 -0.3386
0.113553 -0.338693
0.113751 -0.338785
0.113949 -0.338877
0.114147 -0.338968
0.114345 -0.339058
0.114543 -0.339148
0.11474 -0.339237
0.114938 -0.339326
0.115135 -0.339414
0.115332 -0.339501
0.115529 -0.339588
0.115725 -0.339674
0.115922 -0.33976
0.116118 -0.339845
0.116315 -0.33993
0.116511 -0.340014
0.116706 -0.340097
0.116902 -0.34018
0.117098 -0.340262
0.117293 -0.340344
0.117488 -0.340425
0.117683 -0.340506
0.117877 -0.340586
0.118072 -0.340666
0.118266 -0.340745
0.11846 -0.340823
0.118654 -0.340901
0.118848 -0.340978
0.119041 -0.341055
0.119234 -0.341132
0.119427 -0.341207
0.11962 -0.341283
0.119812 -0.341357
0.120004 -0.341431
0.120196 -0.341505
0.120388 -0.341578
0.12058 -0.341651
0.120771 -0.341723
0.120962 -0.341794
0.121152 -0.341865
0.121343 -0.341936
0.121533 -0.342006
0.121723 -0.342075
0.121913 -0.342144
0.122102 -0.342213
0.122291 -0.342281
0.12248 -0.342348
0.122669 -0.342415
0.122857 -0.342482
0.123045 -0.342548
0.123233 -0.342613
0.12342 -0.342678
0.123607 -0.342743
0.123794 -0.342807
0.123981 -0.34287
0.124167 -0.342933
0.124353 -0.342996
0.124538 -0.343058
0.124724 -0.34312
0.124909 -0.343181
0.125093 -0.343241
0.125278 -0.343302
0.125462 -0.343361
0.125646 -0.343421
0.125829 -0.343479
0.126012 -0.343538
0.126195 -0.343596
0.126377 -0.343653
0.126559 -0.34371
0.126741 -0.343766
0.126923 -0.343822
0.127104 -0.343878
0.127285 -0.343933
0.127465 -0.343988
0.127645 -0.344042
0.127825 -0.344096
0.128004 -0.344149
0.128183 -0.344202
0.128362 -0.344254
0.12854 -0.344306
0.128718 -0.344358
0.128896 -0.344409
0.129073 -0.34446
0.12925 -0.34451
0.129426 -0.34456
0.129603 -0.344609
0.129778 -0.344658
0.129954 -0.344707
0.130129 -0.344755
0.130303 -0.344803
0.130478 -0.34485
0.130652 -0.344897
0.130825 -0.344944
0.130998 -0.34499
0.131171 -0.345035
0.131343 -0.345081
0.131515 -0.345125
0.131687 -0.34517
0.131858 -0.345214
0.132029 -0.345258
0.132199 -0.345301
0.132369 -0.345344
0.132539 -0.345386
0.132708 -0.345428
0.132877 -0.34547
0.133045 -0.345511
0.133213 -0.345552
0.133381 -0.345593
0.133548 -0.345633
0.133715 -0.345672
0.133881 -0.345712
0.134047 -0.345751
0.134213 -0.345789
0.134378 -0.345828
0.134542 -0.345865
0.134706 -0.345903
0.13487 -0.34594
0.135034 -0.345977
0.135197 -0.346013
0.135359 -0.346049
0.135521 -0.346085
0.135683 -0.34612
0.135844 -0.346155
0.136004 -0.346189
0.136164 -0.346223
0.136324 -0.346257
0.136483 -0.346291
0.136642 -0.346324
0.1368 -0.346357
0.136958 -0.346389
0.137115 -0.346421
0.137272 -0.346453
0.137428 -0.346484
0.137583 -0.346515
0.137738 -0.346545
0.137893 -0.346576
0.138046 -0.346605
0.138199 -0.346635
0.138352 -0.346664
0.138503 -0.346693
0.138654 -0.346721
0.138804 -0.346749
0.138953 -0.346777
0.139102 -0.346804
0.139249 -0.346831
0.139396 -0.346858
0.139542 -0.346884
0.139686 -0.34691
0.13983 -0.346935
0.139973 -0.34696
0.140114 -0.346985
0.140254 -0.347009
0.140393 -0.347033
0.140531 -0.347056
0.140668 -0.347079
0.140803 -0.347102
0.140937 -0.347124
0.14107 -0.347146
0.141201 -0.347167
0.141331 -0.347188
0.141459 -0.347209
0.141587 -0.347229
0.141712 -0.347249
0.141837 -0.347268
0.141959 -0.347287
0.142081 -0.347306
0.142201 -0.347324
0.14232 -0.347341
0.142437 -0.347359
0.142552 -0.347376
0.142667 -0.347392
0.14278 -0.347408
0.142891 -0.347424
0.143001 -0.34744
0.14311 -0.347455
0.143217 -0.347469
0.143323 -0.347483
0.143427 -0.347497
0.14353 -0.347511
0.143632 -0.347524
0.143732 -0.347536
0.143831 -0.347549
0.143928 -0.347561
0.144024 -0.347572
0.144119 -0.347583
0.144213 -0.347594
0.144305 -0.347605
0.144395 -0.347615
0.144485 -0.347625
0.144573 -0.347634
0.14466 -0.347643
0.144746 -0.347652
0.14483 -0.34766
0.144913 -0.347668
0.144995 -0.347676
0.145075 -0.347683
0.145154 -0.34769
0.145232 -0.347697
0.145309 -0.347703
0.145385 -0.347709
0.145459 -0.347715
0.145532 -0.34772
0.145604 -0.347725
0.145675 -0.34773
0.145744 -0.347734
0.145813 -0.347738
0.14588 -0.347742
0.145946 -0.347745
0.146011 -0.347749
0.146074 -0.347751
0.146137 -0.347754
0.146198 -0.347756
0.146259 -0.347758
0.146318 -0.34776
0.146376 -0.347761
0.146433 -0.347762
0.146489 -0.347763
0.146543 -0.347763
0.146597 -0.347763
0.14665 -0.347763
0.146701 -0.347763
0.146752 -0.347762
0.146801 -0.347761
0.14685 -0.34776
0.146897 -0.347758
0.146943 -0.347757
0.146989 -0.347755
0.147033 -0.347752
0.147076 -0.34775
0.147118 -0.347747
0.14716 -0.347744
0.1472 -0.34774
0.147239 -0.347737
0.147278 -0.347733
0.147315 -0.347729
0.147351 -0.347724
0.147387 -0.347719
0.147421 -0.347715
0.147455 -0.347709
0.147488 -0.347704
0.147519 -0.347698
0.14755 -0.347692
0.14758 -0.347686
0.147609 -0.34768
0.147637 -0.347673
0.147664 -0.347667
0.147691 -0.34766
0.147716 -0.347652
0.147741 -0.347645
0.147764 -0.347637
0.147787 -0.347629
0.147809 -0.347621
0.14783 -0.347612
0.147851 -0.347604
0.14787 -0.347595
0.147889 -0.347586
0.147907 -0.347577
0.147924 -0.347567
0.14794 -0.347558
0.147955 -0.347548
0.14797 -0.347538
0.147984 -0.347527
0.147997 -0.347517
0.148009 -0.347506
0.148021 -0.347495
0.148031 -0.347484
0.148041 -0.347473
0.148051 -0.347462
0.148059 -0.34745
0.148067 -0.347438
0.148074 -0.347426
0.14808 -0.347414
0.148086 -0.347401
0.148091 -0.347389
0.148095 -0.347376
0.148098 -0.347363
0.148101 -0.34735
0.148103 -0.347337
0.148104 -0.347323
0.148105 -0.34731
0.148105 -0.347296
0.148104 -0.347282
0.148103 -0.347268
0.148101 -0.347254
0.148098 -0.347239
0.148095 -0.347225
0.148091 -0.34721
0.148087 -0.347195
0.148081 -0.34718
0.148075 -0.347165
0.148069 -0.347149
0.148062 -0.347134
0.148054 -0.347118
0.148046 -0.347102
0.148037 -0.347086
0.148028 -0.34707
0.148018 -0.347054
0.148007 -0.347037
