0.16264 -0.1453
0.16264 -0.1453
0.16264 -0.1453
0.16264 -0.1453
0.16264 -0.1453
0.16264 -0.1453
0.16264 -0.145301
0.16264 -0.145301
0.16264 -0.145301
0.16264 -0.145302
0.16264 -0.145303
0.16264 -0.145303
0.16264 -0.145304
0.16264 -0.145305
0.162639 -0.145306
0.162639 -0.145308
0.162639 -0.145309
0.162639 -0.145311
0.162639 -0.145313
0.162639 -0.145315
0.162638 -0.145317
0.162638 -0.14532
0.162638 -0.145323
0.162637 -0.145326
0.162637 -0.145329
0.162636 -0.145333
0.162635 -0.145337
0.162634 -0.145341
0.162633 -0.145346
0.162631 -0.145351
0.162629 -0.145356
0.162626 -0.145362
0.162623 -0.145369
0.162618 -0.145376
0.162612 -0.145385
0.162604 -0.145394
0.162593 -0.145404
0.16258 -0.145415
0.162564 -0.145428
0.162544 -0.145442
0.16252 -0.145458
0.16249 -0.145476
0.162455 -0.145496
0.162412 -0.145518
0.162362 -0.145543
0.162304 -0.145569
0.162237 -0.145598
0.162159 -0.14563
0.162071 -0.145664
0.161972 -0.145699
0.161862 -0.145737
0.16174 -0.145776
0.161606 -0.145817
0.16146 -0.145858
0.161301 -0.145899
0.161131 -0.14594
0.16095 -0.14598
0.160757 -0.146019
0.160554 -0.146056
0.160341 -0.14609
0.160119 -0.146122
0.159889 -0.146151
0.159651 -0.146176
0.159407 -0.146198
0.159157 -0.146216
0.158903 -0.14623
0.158645 -0.146241
0.158385 -0.14625
0.158123 -0.146255
0.157861 -0.146258
0.1576 -0.14626
0.157341 -0.146261
0.157084 -0.146261
0.15683 -0.146261
0.156581 -0.146262
0.156337 -0.146264
0.156098 -0.146268
0.155865 -0.146275
0.155638 -0.146284
0.155418 -0.146297
0.155204 -0.146314
0.154996 -0.146335
0.154795 -0.14636
0.154599 -0.146389
0.154409 -0.146423
0.154223 -0.146461
0.154042 -0.146503
0.153863 -0.14655
0.153687 -0.146601
0.153513 -0.146656
0.153339 -0.146715
0.153165 -0.146778
0.15299 -0.146844
0.152814 -0.146913
0.152634 -0.146986
0.152451 -0.147061
0.152263 -0.147139
0.152071 -0.147219
0.151873 -0.147302
0.15167 -0.147387
0.151461 -0.147474
0.151245 -0.147563
0.151022 -0.147654
0.150793 -0.147747
0.150558 -0.147842
0.150316 -0.147938
0.150067 -0.148036
0.149813 -0.148136
0.149552 -0.148237
0.149286 -0.14834
0.149015 -0.148445
0.148739 -0.148552
0.148458 -0.14866
0.148173 -0.14877
0.147885 -0.148882
0.147594 -0.148995
0.147299 -0.149111
0.147003 -0.149228
0.146704 -0.149347
0.146404 -0.149468
0.146103 -0.149591
0.145801 -0.149716
0.145499 -0.149842
0.145196 -0.149971
0.144894 -0.150101
0.144592 -0.150233
0.144291 -0.150367
0.14399 -0.150502
0.143691 -0.150639
0.143393 -0.150777
0.143097 -0.150917
0.142802 -0.151058
0.14251 -0.151201
0.14222 -0.151344
0.141932 -0.151488
0.141647 -0.151633
0.141364 -0.151779
0.141085 -0.151925
0.14081 -0.152071
0.140537 -0.152217
0.140269 -0.152363
0.140005 -0.152509
0.139745 -0.152655
0.13949 -0.1528
0.139239 -0.152944
0.138993 -0.153087
0.138753 -0.153229
0.138517 -0.15337
0.138288 -0.153509
0.138063 -0.153647
0.137845 -0.153783
0.137632 -0.153917
0.137425 -0.15405
0.137224 -0.15418
0.137029 -0.154309
0.13684 -0.154436
0.136656 -0.154561
0.136479 -0.154684
0.136307 -0.154805
0.136142 -0.154924
0.135981 -0.155041
0.135827 -0.155157
0.135677 -0.15527
0.135533 -0.155382
0.135394 -0.155492
0.13526 -0.155601
0.135131 -0.155708
0.135006 -0.155813
0.134885 -0.155918
0.134768 -0.156021
0.134655 -0.156123
0.134545 -0.156224
0.134438 -0.156325
0.134334 -0.156425
0.134232 -0.156525
0.134132 -0.156624
0.134033 -0.156724
0.133935 -0.156824
0.133838 -0.156924
0.133741 -0.157024
0.133644 -0.157125
0.133546 -0.157227
0.133448 -0.157331
0.133348 -0.157435
0.133247 -0.157541
0.133144 -0.157648
0.133039 -0.157757
0.132932 -0.157867
0.132822 -0.157979
0.13271 -0.158094
0.132595 -0.15821
0.132477 -0.158328
0.132355 -0.158448
0.132231 -0.15857
0.132103 -0.158695
0.131973 -0.158821
0.131838 -0.15895
0.131701 -0.159081
0.13156 -0.159215
0.131415 -0.15935
0.131268 -0.159488
0.131117 -0.159628
0.130962 -0.159771
0.130805 -0.159915
0.130644 -0.160062
0.13048 -0.160211
0.130312 -0.160362
0.130142 -0.160516
0.129968 -0.160671
0.129792 -0.160829
0.129612 -0.160989
0.12943 -0.161151
0.129245 -0.161315
0.129057 -0.161481
0.128867 -0.16165
0.128674 -0.16182
0.128478 -0.161992
0.128281 -0.162166
0.128081 -0.162342
0.12788 -0.162521
0.127676 -0.1627
0.127471 -0.162882
0.127264 -0.163066
0.127056 -0.163251
0.126846 -0.163438
0.126635 -0.163627
0.126423 -0.163817
0.12621 -0.164009
0.125997 -0.164202
0.125782 -0.164398
0.125567 -0.164594
0.125352 -0.164792
0.125136 -0.164992
0.124919 -0.165193
0.124703 -0.165395
0.124486 -0.165599
0.124269 -0.165804
0.124052 -0.166011
0.123836 -0.166219
0.123619 -0.166428
0.123402 -0.166639
0.123185 -0.166851
0.122969 -0.167064
0.122752 -0.167278
0.122536 -0.167494
0.12232 -0.167711
0.122104 -0.167929
0.121889 -0.168148
0.121674 -0.168369
0.121459 -0.168591
0.121244 -0.168814
0.12103 -0.169038
0.120816 -0.169263
0.120602 -0.169489
0.120389 -0.169717
0.120176 -0.169946
0.119963 -0.170175
0.119751 -0.170406
0.119539 -0.170638
0.119328 -0.170871
0.119117 -0.171105
0.118907 -0.17134
0.118697 -0.171576
0.118487 -0.171812
0.118278 -0.17205
0.118069 -0.172289
0.117861 -0.172528
0.117653 -0.172769
0.117446 -0.17301
0.11724 -0.173252
0.117034 -0.173494
0.116828 -0.173738
0.116623 -0.173981
0.116419 -0.174226
0.116216 -0.17447
0.116013 -0.174716
0.115811 -0.174961
0.11561 -0.175207
0.115409 -0.175453
0.11521 -0.175699
0.115011 -0.175945
0.114813 -0.176191
0.114616 -0.176437
0.11442 -0.176682
0.114225 -0.176927
0.114031 -0.177172
0.113838 -0.177417
0.113646 -0.177661
0.113455 -0.177904
0.113266 -0.178147
0.113077 -0.178389
0.11289 -0.178631
0.112703 -0.178872
0.112518 -0.179112
0.112334 -0.179351
0.112152 -0.17959
0.11197 -0.179827
0.11179 -0.180064
0.111611 -0.1803
0.111433 -0.180535
0.111256 -0.180769
0.111081 -0.181002
0.110907 -0.181235
0.110734 -0.181466
0.110562 -0.181697
0.110392 -0.181927
0.110223 -0.182156
0.110055 -0.182384
0.109888 -0.182611
0.109722 -0.182838
0.109558 -0.183063
0.109395 -0.183288
0.109233 -0.183512
0.109072 -0.183735
0.108913 -0.183957
0.108755 -0.184179
0.108598 -0.1844
0.108442 -0.18462
0.108287 -0.184839
0.108133 -0.185057
0.107981 -0.185275
0.10783 -0.185492
0.10768 -0.185708
0.107531 -0.185923
0.107383 -0.186138
0.107236 -0.186352
0.107091 -0.186566
0.106946 -0.186779
0.106803 -0.186991
0.10666 -0.187203
0.106519 -0.187414
0.106379 -0.187625
0.106239 -0.187835
0.106101 -0.188044
0.105963 -0.188254
0.105827 -0.188462
0.105691 -0.188671
0.105556 -0.188879
0.105421 -0.189087
0.105288 -0.189295
0.105155 -0.189502
0.105022 -0.18971
0.10489 -0.189918
0.104758 -0.190126
0.104627 -0.190334
0.104495 -0.190542
0.104364 -0.190751
0.104232 -0.19096
0.104101 -0.19117
0.103968 -0.191381
0.103836 -0.191593
0.103702 -0.191806
0.103568 -0.192021
0.103433 -0.192237
0.103296 -0.192454
0.103159 -0.192673
0.103019 -0.192894
0.102879 -0.193117
0.102736 -0.193342
0.102592 -0.193569
0.102445 -0.193799
0.102297 -0.194031
0.102146 -0.194266
0.101993 -0.194503
0.101838 -0.194743
0.101681 -0.194985
0.101521 -0.195231
0.101358 -0.195479
0.101193 -0.19573
0.101026 -0.195984
0.100856 -0.196241
0.100683 -0.196501
0.100508 -0.196763
0.100331 -0.197029
0.100151 -0.197297
0.0999678 -0.197569
0.0997825 -0.197843
0.0995948 -0.19812
0.0994045 -0.198401
0.0992118 -0.198683
0.0990166 -0.198969
0.098819 -0.199258
0.098619 -0.199549
0.0984166 -0.199844
0.0982118 -0.200141
0.0980047 -0.200441
0.0977952 -0.200743
0.0975835 -0.201048
0.0973696 -0.201356
0.0971534 -0.201667
0.096935 -0.20198
0.0967144 -0.202296
0.0964917 -0.202614
0.0962669 -0.202935
0.09604 -0.203259
0.095811 -0.203585
0.09558 -0.203913
0.095347 -0.204244
0.095112 -0.204578
0.0948751 -0.204913
0.0946362 -0.205252
0.0943955 -0.205592
0.0941529 -0.205935
0.0939085 -0.20628
0.0936622 -0.206628
0.0934142 -0.206978
0.0931645 -0.20733
0.092913 -0.207684
0.0926599 -0.208041
0.0924051 -0.208399
0.0921486 -0.20876
0.0918906 -0.209123
0.091631 -0.209488
0.0913699 -0.209855
0.0911072 -0.210224
0.0908431 -0.210595
0.0905776 -0.210968
0.0903106 -0.211343
0.0900423 -0.21172
0.0897726 -0.212099
0.0895017 -0.212479
0.0892295 -0.212862
0.0889561 -0.213246
0.0886815 -0.213632
0.0884059 -0.21402
0.0881291 -0.214409
0.0878514 -0.2148
0.0875727 -0.215192
0.0872931 -0.215586
0.0870127 -0.215982
0.0867315 -0.216379
0.0864497 -0.216777
0.0861673 -0.217176
0.0858844 -0.217577
0.0856011 -0.217979
0.0853175 -0.218382
0.0850338 -0.218785
0.08475 -0.21919
0.0844663 -0.219595
0.0841828 -0.220001
0.0838997 -0.220407
0.0836171 -0.220814
0.0833351 -0.221221
0.083054 -0.221628
0.0827739 -0.222035
0.0824949 -0.222442
0.0822171 -0.222849
0.0819408 -0.223256
0.0816661 -0.223662
0.0813931 -0.224067
0.0811219 -0.224472
0.0808527 -0.224876
0.0805856 -0.225279
0.0803206 -0.225681
0.0800578 -0.226082
0.0797974 -0.226483
0.0795395 -0.226881
0.0792839 -0.227279
0.0790309 -0.227676
0.0787805 -0.228071
0.0785327 -0.228465
0.0782875 -0.228858
0.0780449 -0.229249
0.0778051 -0.229639
0.0775679 -0.230027
0.0773335 -0.230414
0.0771018 -0.2308
0.0768728 -0.231184
0.0766465 -0.231567
0.076423 -0.231948
0.0762022 -0.232328
0.0759842 -0.232707
0.0757688 -0.233084
0.0755562 -0.23346
0.0753463 -0.233834
0.0751391 -0.234206
0.0749346 -0.234578
0.0747328 -0.234948
0.0745337 -0.235316
0.0743373 -0.235683
0.0741435 -0.236049
0.0739524 -0.236413
0.0737639 -0.236776
0.073578 -0.237137
0.0733948 -0.237497
0.0732142 -0.237856
0.0730361 -0.238213
0.0728607 -0.238569
0.0726878 -0.238923
0.0725175 -0.239276
0.0723498 -0.239628
0.0721846 -0.239978
0.0720219 -0.240327
0.0718617 -0.240675
0.0717041 -0.241021
0.0715489 -0.241366
0.0713962 -0.24171
0.071246 -0.242052
0.0710982 -0.242393
0.0709529 -0.242732
0.07081 -0.243071
0.0706696 -0.243408
0.0705316 -0.243743
0.0703959 -0.244078
0.0702627 -0.244411
0.0701318 -0.244743
0.0700033 -0.245073
0.0698771 -0.245403
0.0697533 -0.245731
0.0696318 -0.246057
0.0695126 -0.246383
0.0693957 -0.246707
0.0692812 -0.24703
0.0691689 -0.247352
0.0690589 -0.247673
0.0689511 -0.247992
0.0688456 -0.24831
0.0687423 -0.248627
0.0686413 -0.248942
0.0685424 -0.249257
0.0684458 -0.24957
0.0683514 -0.249882
0.0682591 -0.250193
0.068169 -0.250503
0.068081 -0.250811
0.0679952 -0.251118
0.0679116 -0.251425
0.06783 -0.25173
0.0677506 -0.252033
0.0676732 -0.252336
0.067598 -0.252638
0.0675248 -0.252938
0.0674536 -0.253237
0.0673845 -0.253535
0.0673175 -0.253832
0.0672524 -0.254128
0.0671894 -0.254423
0.0671283 -0.254717
0.0670692 -0.255009
0.067012 -0.255301
0.0669568 -0.255591
0.0669035 -0.255881
0.0668521 -0.256169
0.0668026 -0.256456
0.066755 -0.256743
0.0667092 -0.257028
0.0666652 -0.257312
0.066623 -0.257595
0.0665825 -0.257878
0.0665438 -0.258159
0.0665068 -0.25844
0.0664714 -0.258719
0.0664377 -0.258998
0.0664056 -0.259276
0.0663751 -0.259553
0.0663461 -0.259829
0.0663186 -0.260104
0.0662925 -0.260379
0.0662679 -0.260653
0.0662446 -0.260926
0.0662226 -0.261199
0.066202 -0.261471
0.0661825 -0.261742
0.0661643 -0.262013
0.0661473 -0.262283
0.0661314 -0.262552
0.0661166 -0.262821
0.0661029 -0.26309
0.0660902 -0.263358
0.0660786 -0.263625
0.0660679 -0.263892
0.0660583 -0.264159
0.0660496 -0.264425
0.0660418 -0.264691
0.066035 -0.264956
0.0660291 -0.265221
0.0660241 -0.265486
0.06602 -0.26575
0.0660168 -0.266014
0.0660145 -0.266277
0.066013 -0.26654
0.0660124 -0.266803
0.0660126 -0.267065
0.0660137 -0.267327
0.0660156 -0.267588
0.0660183 -0.267849
0.0660219 -0.26811
0.0660263 -0.26837
0.0660315 -0.26863
0.0660375 -0.26889
0.0660444 -0.269149
0.0660521 -0.269408
0.0660605 -0.269666
0.0660698 -0.269924
0.0660799 -0.270182
0.0660907 -0.270439
0.0661024 -0.270696
0.0661149 -0.270952
0.0661281 -0.271208
0.0661421 -0.271464
0.0661569 -0.271719
0.0661725 -0.271974
0.0661889 -0.272229
0.066206 -0.272483
0.0662239 -0.272736
0.0662426 -0.27299
0.066262 -0.273243
0.0662822 -0.273495
0.0663032 -0.273747
0.0663249 -0.273999
0.0663474 -0.27425
0.0663706 -0.274501
0.0663946 -0.274752
0.0664193 -0.275002
0.0664448 -0.275252
0.066471 -0.275501
0.066498 -0.27575
0.0665257 -0.275998
0.0665541 -0.276246
0.0665832 -0.276494
0.0666131 -0.276741
0.0666437 -0.276988
0.066675 -0.277234
0.0667071 -0.27748
0.0667398 -0.277726
0.0667733 -0.277971
0.0668075 -0.278216
0.0668424 -0.27846
0.066878 -0.278704
0.0669143 -0.278948
0.0669513 -0.279191
0.066989 -0.279433
0.0670274 -0.279676
0.0670665 -0.279917
0.0671063 -0.280159
0.0671468 -0.2804
0.067188 -0.28064
0.0672298 -0.28088
0.0672723 -0.28112
0.0673155 -0.281359
0.0673594 -0.281598
0.0674039 -0.281836
0.0674491 -0.282074
0.067495 -0.282312
0.0675416 -0.282549
0.0675888 -0.282785
0.0676366 -0.283022
0.0676851 -0.283257
0.0677343 -0.283493
0.0677841 -0.283727
0.0678346 -0.283962
0.0678857 -0.284196
0.0679374 -0.284429
0.0679898 -0.284663
0.0680428 -0.284895
0.0680965 -0.285127
0.0681508 -0.285359
0.0682057 -0.28559
0.0682612 -0.285821
0.0683174 -0.286052
0.0683742 -0.286282
0.0684316 -0.286511
0.0684896 -0.28674
0.0685482 -0.286969
0.0686074 -0.287197
0.0686673 -0.287425
0.0687277 -0.287652
0.0687888 -0.287879
0.0688504 -0.288106
0.0689127 -0.288331
0.0689755 -0.288557
0.0690389 -0.288782
0.0691029 -0.289007
0.0691676 -0.289231
0.0692328 -0.289454
0.0692985 -0.289678
0.0693649 -0.2899
0.0694319 -0.290123
0.0694994 -0.290345
0.0695675 -0.290566
0.0696362 -0.290787
0.0697055 -0.291007
0.0697754 -0.291227
0.0698458 -0.291447
0.0699168 -0.291666
0.0699884 -0.291885
0.0700606 -0.292103
0.0701334 -0.292321
0.0702068 -0.292539
0.0702807 -0.292756
0.0703553 -0.292972
0.0704305 -0.293188
0.0705062 -0.293404
0.0705827 -0.293619
0.0706597 -0.293834
0.0707374 -0.294049
0.0708157 -0.294263
0.0708947 -0.294477
0.0709744 -0.29469
0.0710548 -0.294903
0.0711359 -0.295116
0.0712177 -0.295328
0.0713003 -0.29554
0.0713836 -0.295752
0.0714677 -0.295963
0.0715526 -0.296174
0.0716383 -0.296385
0.0717248 -0.296595
0.0718122 -0.296805
0.0719005 -0.297015
0.0719896 -0.297225
0.0720796 -0.297435
0.0721704 -0.297644
0.0722622 -0.297853
0.0723549 -0.298062
0.0724485 -0.29827
0.072543 -0.298479
0.0726384 -0.298687
0.0727347 -0.298895
0.072832 -0.299103
0.0729301 -0.29931
0.0730292 -0.299517
0.0731292 -0.299725
0.0732301 -0.299932
0.0733319 -0.300138
0.0734346 -0.300345
0.0735382 -0.300551
0.0736428 -0.300757
0.0737482 -0.300963
0.0738544 -0.301169
0.0739616 -0.301374
0.0740697 -0.301579
0.0741786 -0.301784
0.0742883 -0.301989
0.074399 -0.302194
0.0745104 -0.302398
0.0746227 -0.302602
0.0747359 -0.302806
0.0748499 -0.30301
0.0749647 -0.303213
0.0750803 -0.303416
0.0751967 -0.303619
0.075314 -0.303822
0.075432 -0.304025
0.0755508 -0.304227
0.0756704 -0.304429
0.0757908 -0.30463
0.0759119 -0.304832
0.0760339 -0.305033
0.0761565 -0.305234
0.07628 -0.305435
0.0764041 -0.305635
0.076529 -0.305835
0.0766547 -0.306035
0.076781 -0.306235
0.0769081 -0.306434
0.0770359 -0.306633
0.0771644 -0.306832
0.0772935 -0.30703
0.0774234 -0.307229
0.077554 -0.307427
0.0776852 -0.307624
0.0778171 -0.307822
0.0779497 -0.308019
0.078083 -0.308215
0.0782168 -0.308412
0.0783514 -0.308608
0.0784866 -0.308804
0.0786224 -0.308999
0.0787588 -0.309195
0.0788959 -0.30939
0.0790336 -0.309584
0.0791719 -0.309779
0.0793108 -0.309973
0.0794503 -0.310166
0.0795903 -0.31036
0.079731 -0.310553
0.0798723 -0.310746
0.0800141 -0.310938
0.0801565 -0.31113
0.0802994 -0.311322
0.0804429 -0.311513
0.080587 -0.311704
0.0807316 -0.311895
0.0808767 -0.312086
0.0810224 -0.312276
0.0811686 -0.312465
0.0813153 -0.312655
0.0814626 -0.312844
0.0816103 -0.313033
0.0817586 -0.313221
0.0819073 -0.313409
0.0820566 -0.313597
0.0822063 -0.313784
0.0823565 -0.313971
0.0825072 -0.314158
0.0826583 -0.314344
0.0828099 -0.31453
0.082962 -0.314716
0.0831145 -0.314901
0.0832675 -0.315086
0.0834209 -0.31527
0.0835748 -0.315454
0.0837291 -0.315638
0.0838838 -0.315821
0.0840389 -0.316004
0.0841945 -0.316187
0.0843504 -0.316369
0.0845068 -0.316551
0.0846635 -0.316733
0.0848207 -0.316914
0.0849782 -0.317094
0.0851362 -0.317275
0.0852945 -0.317455
0.0854531 -0.317634
0.0856122 -0.317814
0.0857716 -0.317992
0.0859314 -0.318171
0.0860915 -0.318349
0.086252 -0.318527
0.0864128 -0.318704
0.0865739 -0.318881
0.0867354 -0.319057
0.0868972 -0.319233
0.0870594 -0.319409
0.0872218 -0.319584
0.0873846 -0.319759
0.0875477 -0.319934
0.087711 -0.320108
0.0878747 -0.320282
0.0880387 -0.320455
0.088203 -0.320628
0.0883675 -0.3208
0.0885323 -0.320972
0.0886974 -0.321144
0.0888628 -0.321315
0.0890284 -0.321486
0.0891943 -0.321656
0.0893605 -0.321826
0.0895269 -0.321996
0.0896935 -0.322165
0.0898604 -0.322334
0.0900276 -0.322502
0.0901949 -0.32267
0.0903625 -0.322838
0.0905304 -0.323005
0.0906984 -0.323172
0.0908667 -0.323338
0.0910351 -0.323504
0.0912038 -0.323669
0.0913727 -0.323834
0.0915418 -0.323999
0.0917111 -0.324163
0.0918805 -0.324326
0.0920502 -0.32449
0.09222 -0.324652
0.0923901 -0.324815
0.0925603 -0.324977
0.0927306 -0.325138
0.0929012 -0.325299
0.0930719 -0.32546
0.0932427 -0.32562
0.0934138 -0.32578
0.093585 -0.325939
0.0937563 -0.326098
0.0939278 -0.326257
0.0940994 -0.326415
0.0942712 -0.326572
0.0944432 -0.326729
0.0946152 -0.326886
0.0947875 -0.327042
0.0949598 -0.327197
0.0951323 -0.327353
0.095305 -0.327507
0.0954778 -0.327661
0.0956508 -0.327815
0.0958239 -0.327968
0.0959971 -0.328121
0.0961705 -0.328273
0.0963441 -0.328425
0.0965178 -0.328576
0.0966917 -0.328726
0.0968658 -0.328876
0.0970401 -0.329026
0.0972145 -0.329174
0.0973892 -0.329322
0.097564 -0.32947
0.0977391 -0.329617
0.0979143 -0.329763
0.0980898 -0.329909
0.0982655 -0.330054
0.0984414 -0.330198
0.0986176 -0.330342
0.098794 -0.330485
0.0989706 -0.330627
0.0991475 -0.330769
0.0993246 -0.33091
0.099502 -0.33105
0.0996796 -0.331189
0.0998574 -0.331328
0.100036 -0.331466
0.100214 -0.331603
0.100392 -0.33174
0.100571 -0.331876
0.10075 -0.332011
0.100929 -0.332145
0.101109 -0.332279
0.101289 -0.332412
0.101469 -0.332544
0.101649 -0.332676
0.101829 -0.332807
0.10201 -0.332937
0.10219 -0.333066
0.102371 -0.333195
0.102552 -0.333323
0.102734 -0.33345
0.102915 -0.333576
0.103097 -0.333702
0.103279 -0.333827
0.103461 -0.333952
0.103643 -0.334075
0.103825 -0.334198
0.104007 -0.33432
0.10419 -0.334442
0.104373 -0.334563
0.104556 -0.334683
0.104739 -0.334802
0.104922 -0.334921
0.105105 -0.335039
0.105288 -0.335157
0.105472 -0.335273
0.105655 -0.33539
0.105839 -0.335505
0.106023 -0.33562
0.106207 -0.335734
0.106391 -0.335847
0.106575 -0.33596
0.106759 -0.336072
0.106943 -0.336183
0.107127 -0.336294
0.107312 -0.336404
0.107496 -0.336513
0.10768 -0.336622
0.107865 -0.33673
0.108049 -0.336837
0.108234 -0.336944
0.108418 -0.33705
0.108603 -0.337156
0.108788 -0.337261
0.108972 -0.337365
0.109157 -0.337468
0.109342 -0.337571
0.109526 -0.337673
0.109711 -0.337775
0.109896 -0.337876
0.110081 -0.337977
0.110265 -0.338076
0.11045 -0.338176
0.110635 -0.338274
0.110819 -0.338372
0.111004 -0.338469
0.111188 -0.338566
0.111373 -0.338662
0.111558 -0.338758
0.111742 -0.338852
0.111926 -0.338947
0.112111 -0.33904
0.112295 -0.339133
0.112479 -0.339226
0.112664 -0.339318
0.112848 -0.339409
0.113032 -0.3395
0.113216 -0.33959
0.1134 -0.339679
0.113584 -0.339768
0.113768 -0.339857
0.113951 -0.339945
0.114135 -0.340032
0.114318 -0.340118
0.114502 -0.340204
0.114685 -0.34029
0.114868 -0.340375
0.115051 -0.340459
0.115234 -0.340543
0.115417 -0.340626
0.1156 -0.340709
0.115783 -0.340791
0.115965 -0.340872
0.116147 -0.340953
0.11633 -0.341034
0.116512 -0.341114
0.116694 -0.341193
0.116875 -0.341272
0.117057 -0.34135
0.117239 -0.341428
0.11742 -0.341505
0.117601 -0.341582
0.117782 -0.341658
0.117963 -0.341733
0.118144 -0.341808
0.118324 -0.341883
0.118505 -0.341957
0.118685 -0.34203
0.118865 -0.342103
0.119045 -0.342175
0.119225 -0.342247
0.119404 -0.342319
0.119583 -0.342389
0.119762 -0.34246
0.119941 -0.34253
0.12012 -0.342599
0.120298 -0.342668
0.120477 -0.342736
0.120655 -0.342804
0.120833 -0.342871
0.12101 -0.342938
0.121188 -0.343004
0.121365 -0.34307
0.121542 -0.343135
0.121719 -0.3432
0.121895 -0.343265
0.122072 -0.343328
0.122248 -0.343392
0.122423 -0.343455
0.122599 -0.343517
0.122774 -0.343579
0.12295 -0.34364
0.123124 -0.343701
0.123299 -0.343762
0.123473 -0.343822
0.123647 -0.343881
0.123821 -0.34394
0.123995 -0.343999
0.124168 -0.344057
0.124341 -0.344115
0.124514 -0.344172
0.124687 -0.344229
0.124859 -0.344285
0.125031 -0.344341
0.125203 -0.344397
0.125374 -0.344451
0.125545 -0.344506
0.125716 -0.34456
0.125887 -0.344614
0.126057 -0.344667
0.126227 -0.34472
0.126397 -0.344772
0.126566 -0.344824
0.126735 -0.344875
0.126904 -0.344926
0.127073 -0.344977
0.127241 -0.345027
0.127409 -0.345077
0.127577 -0.345126
0.127744 -0.345175
0.127911 -0.345223
0.128078 -0.345271
0.128244 -0.345319
0.12841 -0.345366
0.128576 -0.345413
0.128741 -0.345459
0.128906 -0.345505
0.129071 -0.34555
0.129236 -0.345596
0.1294 -0.34564
0.129564 -0.345685
0.129727 -0.345728
0.12989 -0.345772
0.130053 -0.345815
0.130216 -0.345858
0.130378 -0.3459
0.130539 -0.345942
0.130701 -0.345983
0.130862 -0.346025
0.131023 -0.346065
0.131183 -0.346106
0.131343 -0.346146
0.131503 -0.346185
0.131662 -0.346224
0.131821 -0.346263
0.13198 -0.346302
0.132138 -0.34634
0.132296 -0.346377
0.132453 -0.346415
0.13261 -0.346452
0.132767 -0.346488
0.132924 -0.346525
0.13308 -0.34656
0.133235 -0.346596
0.13339 -0.346631
0.133545 -0.346666
0.1337 -0.3467
0.133854 -0.346734
0.134007 -0.346768
0.13416 -0.346801
0.134313 -0.346834
0.134465 -0.346866
0.134617 -0.346899
0.134768 -0.346931
0.134919 -0.346962
0.13507 -0.346993
0.13522 -0.347024
0.135369 -0.347054
0.135518 -0.347084
0.135666 -0.347114
0.135814 -0.347144
0.135961 -0.347172
0.136107 -0.347201
0.136253 -0.347229
0.136397 -0.347257
0.136542 -0.347285
0.136685 -0.347312
0.136828 -0.347339
0.136969 -0.347365
0.13711 -0.347391
0.13725 -0.347417
0.137389 -0.347442
0.137526 -0.347467
0.137663 -0.347491
0.137799 -0.347515
0.137933 -0.347539
0.138066 -0.347562
0.138198 -0.347585
0.138329 -0.347607
0.138459 -0.347629
0.138587 -0.347651
0.138714 -0.347672
0.13884 -0.347693
0.138965 -0.347713
0.139088 -0.347733
0.139209 -0.347753
0.13933 -0.347772
0.139449 -0.347791
0.139567 -0.347809
0.139683 -0.347827
0.139798 -0.347845
0.139912 -0.347862
0.140024 -0.347879
0.140135 -0.347895
0.140245 -0.347911
0.140354 -0.347927
0.140461 -0.347942
0.140566 -0.347957
0.140671 -0.347972
0.140774 -0.347986
0.140876 -0.347999
0.140976 -0.348013
0.141076 -0.348026
0.141174 -0.348038
0.14127 -0.34805
0.141366 -0.348062
0.14146 -0.348074
0.141553 -0.348085
0.141645 -0.348096
0.141735 -0.348106
0.141824 -0.348116
0.141912 -0.348126
0.141999 -0.348135
0.142085 -0.348144
0.142169 -0.348153
0.142252 -0.348161
0.142334 -0.348169
0.142415 -0.348177
0.142495 -0.348184
0.142573 -0.348191
0.142651 -0.348198
0.142727 -0.348204
0.142802 -0.34821
0.142876 -0.348216
0.142949 -0.348221
0.143021 -0.348226
0.143091 -0.348231
0.143161 -0.348235
0.143229 -0.348239
0.143296 -0.348243
0.143363 -0.348246
0.143428 -0.348249
0.143492 -0.348252
0.143555 -0.348255
0.143617 -0.348257
0.143678 -0.348259
0.143738 -0.348261
0.143797 -0.348262
0.143855 -0.348263
0.143911 -0.348264
0.143967 -0.348264
0.144022 -0.348264
0.144076 -0.348264
0.144129 -0.348264
0.144181 -0.348263
0.144231 -0.348262
0.144281 -0.348261
0.14433 -0.34826
0.144378 -0.348258
0.144425 -0.348256
0.144471 -0.348254
0.144517 -0.348251
0.144561 -0.348248
0.144604 -0.348245
0.144647 -0.348242
0.144688 -0.348238
0.144729 -0.348234
0.144768 -0.34823
0.144807 -0.348226
0.144845 -0.348221
0.144882 -0.348217
0.144918 -0.348212
0.144954 -0.348206
0.144988 -0.348201
0.145022 -0.348195
0.145054 -0.348189
0.145086 -0.348183
0.145117 -0.348176
0.145148 -0.348169
0.145177 -0.348162
0.145206 -0.348155
0.145233 -0.348148
0.14526 -0.34814
0.145287 -0.348132
0.145312 -0.348124
0.145337 -0.348116
0.14536 -0.348107
0.145384 -0.348099
0.145406 -0.34809
0.145427 -0.348081
0.145448 -0.348071
0.145468 -0.348062
0.145488 -0.348052
0.145506 -0.348042
0.145524 -0.348032
0.145541 -0.348021
0.145557 -0.348011
0.145573 -0.348
0.145588 -0.347989
0.145602 -0.347978
0.145616 -0.347966
0.145629 -0.347955
0.145641 -0.347943
0.145652 -0.347931
0.145663 -0.347919
0.145673 -0.347907
0.145683 -0.347894
0.145692 -0.347882
0.1457 -0.347869
0.145707 -0.347856
0.145714 -0.347843
0.14572 -0.347829
0.145726 -0.347816
0.145731 -0.347802
0.145735 -0.347788
0.145739 -0.347774
0.145742 -0.34776
0.145745 -0.347746
0.145748 -0.347732
0.145751 -0.347717
0.145754 -0.347703
0.145758 -0.347689
0.145761 -0.347674
0.145764 -0.34766
0.145766 -0.347645
0.145769 -0.347631
0.145772 -0.347616
0.145775 -0.347601
0.145778 -0.347587
0.145781 -0.347572
0.145784 -0.347557
0.145787 -0.347542
0.14579 -0.347527
0.145792 -0.347512
0.145795 -0.347497
0.145798 -0.347483
0.145801 -0.347468
0.145804 -0.347452
0.145806 -0.347437
0.145809 -0.347422
0.145812 -0.347407
