0.16264 -0.1453
0.162615 -0.145325
0.162566 -0.145375
0.162492 -0.145449
0.162394 -0.145548
0.162273 -0.14567
0.162128 -0.145816
0.161961 -0.145985
0.161772 -0.146176
0.161561 -0.146389
0.16133 -0.146623
0.161079 -0.146877
0.160808 -0.147151
0.16052 -0.147444
0.160214 -0.147754
0.159891 -0.148081
0.159554 -0.148424
0.159202 -0.148782
0.158838 -0.149153
0.158462 -0.149536
0.158076 -0.149931
0.157681 -0.150334
0.157279 -0.150746
0.156871 -0.151164
0.156458 -0.151588
0.156042 -0.152015
0.155625 -0.152445
0.155206 -0.152877
0.154788 -0.153308
0.154372 -0.153738
0.153958 -0.154166
0.153547 -0.154592
0.153138 -0.155014
0.152734 -0.155433
0.152333 -0.155848
0.151935 -0.156259
0.151541 -0.156666
0.15115 -0.157069
0.150761 -0.157468
0.150375 -0.157864
0.14999 -0.158256
0.149607 -0.158646
0.149225 -0.159033
0.148844 -0.159417
0.148463 -0.159799
0.148082 -0.16018
0.147701 -0.160558
0.14732 -0.160935
0.146939 -0.16131
0.146558 -0.161683
0.146177 -0.162055
0.145796 -0.162425
0.145415 -0.162793
0.145034 -0.163159
0.144654 -0.163523
0.144274 -0.163885
0.143895 -0.164245
0.143517 -0.164602
0.14314 -0.164957
0.142765 -0.16531
0.14239 -0.16566
0.142017 -0.166008
0.141645 -0.166353
0.141274 -0.166695
0.140905 -0.167034
0.140538 -0.167371
0.140172 -0.167705
0.139807 -0.168037
0.139443 -0.168366
0.139081 -0.168692
0.138719 -0.169015
0.138359 -0.169336
0.138 -0.169654
0.137641 -0.16997
0.137284 -0.170284
0.136927 -0.170595
0.13657 -0.170904
0.136214 -0.17121
0.135858 -0.171514
0.135502 -0.171816
0.135146 -0.172116
0.13479 -0.172414
0.134434 -0.17271
0.134078 -0.173004
0.133722 -0.173295
0.133365 -0.173585
0.133007 -0.173873
0.13265 -0.174159
0.132291 -0.174443
0.131933 -0.174726
0.131573 -0.175006
0.131213 -0.175285
0.130852 -0.175562
0.130491 -0.175837
0.130129 -0.17611
0.129766 -0.176382
0.129402 -0.176652
0.129037 -0.17692
0.128672 -0.177186
0.128306 -0.17745
0.127939 -0.177713
0.127571 -0.177974
0.127202 -0.178233
0.126832 -0.17849
0.126461 -0.178745
0.12609 -0.178999
0.125717 -0.17925
0.125344 -0.1795
0.124969 -0.179748
0.124594 -0.179994
0.124218 -0.180238
0.12384 -0.18048
0.123462 -0.18072
0.123082 -0.180959
0.122702 -0.181195
0.122321 -0.18143
0.121939 -0.181663
0.121555 -0.181893
0.121171 -0.182122
0.120786 -0.182349
0.1204 -0.182574
0.120013 -0.182797
0.119626 -0.183018
0.119237 -0.183238
0.118847 -0.183455
0.118457 -0.18367
0.118066 -0.183884
0.117674 -0.184096
0.117282 -0.184306
0.116888 -0.184514
0.116494 -0.18472
0.1161 -0.184925
0.115704 -0.185127
0.115309 -0.185328
0.114912 -0.185527
0.114516 -0.185724
0.114118 -0.18592
0.113721 -0.186113
0.113323 -0.186305
0.112925 -0.186495
0.112526 -0.186684
0.112128 -0.18687
0.111729 -0.187055
0.11133 -0.187239
0.110932 -0.18742
0.110533 -0.1876
0.110135 -0.187778
0.109736 -0.187954
0.109338 -0.188128
0.108941 -0.188301
0.108544 -0.188472
0.108147 -0.188642
0.107751 -0.188809
0.107356 -0.188975
0.106961 -0.189139
0.106567 -0.189302
0.106174 -0.189462
0.105782 -0.189621
0.105391 -0.189779
0.105001 -0.189934
0.104612 -0.190088
0.104225 -0.19024
0.103839 -0.19039
0.103454 -0.190539
0.10307 -0.190686
0.102688 -0.190831
0.102307 -0.190975
0.101927 -0.191117
0.101549 -0.191257
0.101173 -0.191396
0.100798 -0.191533
0.100425 -0.191668
0.100053 -0.191802
0.0996835 -0.191934
0.0993152 -0.192064
0.0989485 -0.192193
0.0985835 -0.192321
0.0982202 -0.192447
0.0978585 -0.192571
0.0974986 -0.192694
0.0971404 -0.192815
0.0967838 -0.192935
0.096429 -0.193053
0.096076 -0.19317
0.0957246 -0.193285
0.095375 -0.193399
0.0950271 -0.193512
0.0946809 -0.193623
0.0943365 -0.193732
0.0939937 -0.193841
0.0936528 -0.193948
0.0933135 -0.194054
0.092976 -0.194158
0.0926401 -0.194261
0.0923061 -0.194363
0.0919737 -0.194463
0.091643 -0.194562
0.091314 -0.19466
0.0909867 -0.194757
0.0906612 -0.194853
0.0903373 -0.194947
0.090015 -0.19504
0.0896945 -0.195132
0.0893756 -0.195223
0.0890583 -0.195313
0.0887427 -0.195401
0.0884287 -0.195488
0.0881163 -0.195575
0.0878055 -0.19566
0.0874963 -0.195744
0.0871887 -0.195827
0.0868826 -0.195909
0.086578 -0.195989
0.0862749 -0.196069
0.0859733 -0.196148
0.0856731 -0.196226
0.0853744 -0.196302
0.0850771 -0.196378
0.0847812 -0.196452
0.0844866 -0.196526
0.0841933 -0.196598
0.0839013 -0.19667
0.0836107 -0.19674
0.0833212 -0.19681
0.0830329 -0.196878
0.0827459 -0.196946
0.08246 -0.197012
0.0821752 -0.197078
0.0818915 -0.197142
0.0816089 -0.197206
0.0813273 -0.197269
0.0810468 -0.197331
0.0807673 -0.197391
0.0804888 -0.197451
0.0802112 -0.19751
0.0799346 -0.197568
0.0796589 -0.197625
0.0793842 -0.197681
0.0791104 -0.197737
0.0788375 -0.197791
0.0785655 -0.197845
0.0782944 -0.197897
0.0780242 -0.197949
0.0777549 -0.198
0.0774865 -0.19805
0.0772189 -0.1981
0.0769522 -0.198148
0.0766864 -0.198196
0.0764215 -0.198243
0.0761575 -0.198289
0.0758943 -0.198335
0.075632 -0.198379
0.0753706 -0.198423
0.0751101 -0.198467
0.0748505 -0.198509
0.0745917 -0.198551
0.0743339 -0.198592
0.0740769 -0.198633
0.0738209 -0.198672
0.0735657 -0.198712
0.0733115 -0.19875
0.0730582 -0.198788
0.0728058 -0.198825
0.0725543 -0.198862
0.0723037 -0.198898
0.0720541 -0.198934
0.0718054 -0.198969
0.0715577 -0.199003
0.0713108 -0.199037
0.071065 -0.199071
0.0708201 -0.199104
0.0705761 -0.199136
0.0703331 -0.199168
0.0700911 -0.199199
0.0698501 -0.19923
0.06961 -0.199261
0.0693709 -0.199291
0.0691328 -0.19932
0.0688957 -0.199349
0.0686595 -0.199378
0.0684244 -0.199407
0.0681903 -0.199434
0.0679572 -0.199462
0.0677251 -0.199489
0.067494 -0.199516
0.0672639 -0.199542
0.0670348 -0.199569
0.0668068 -0.199594
0.0665799 -0.19962
0.0663539 -0.199645
0.066129 -0.19967
0.0659052 -0.199694
0.0656824 -0.199718
0.0654607 -0.199742
0.06524 -0.199766
0.0650204 -0.199789
0.0648019 -0.199812
0.0645845 -0.199835
0.0643681 -0.199857
0.0641529 -0.19988
0.0639387 -0.199902
0.0637257 -0.199923
0.0635138 -0.199945
0.063303 -0.199966
0.0630934 -0.199987
0.0628849 -0.200008
0.0626775 -0.200029
0.0624713 -0.200049
0.0622663 -0.200069
0.0620625 -0.200089
0.0618599 -0.200108
0.0616585 -0.200127
0.0614583 -0.200146
0.0612594 -0.200165
0.0610617 -0.200183
0.0608654 -0.200201
0.0606703 -0.200219
0.0604765 -0.200237
0.060284 -0.200254
0.0600929 -0.200271
0.0599032 -0.200287
0.0597149 -0.200303
0.059528 -0.200318
0.0593426 -0.200333
0.0591586 -0.200348
0.0589762 -0.200362
0.0587952 -0.200375
0.0586158 -0.200388
0.058438 -0.200401
0.0582618 -0.200413
0.0580872 -0.200424
0.0579142 -0.200434
0.0577429 -0.200444
0.0575733 -0.200453
0.0574054 -0.200462
0.0572392 -0.20047
0.0570748 -0.200477
0.0569121 -0.200483
0.0567512 -0.200489
0.056592 -0.200494
0.0564347 -0.200498
0.0562792 -0.200501
0.0561255 -0.200503
0.0559736 -0.200505
0.0558235 -0.200506
0.0556753 -0.200506
0.0555289 -0.200505
0.0553844 -0.200504
0.0552417 -0.200502
0.0551008 -0.200499
0.0549618 -0.200495
0.0548246 -0.20049
0.0546893 -0.200485
0.0545558 -0.200479
0.0544242 -0.200472
0.0542944 -0.200465
0.0541664 -0.200457
0.0540402 -0.200448
0.0539159 -0.200438
0.0537934 -0.200428
0.0536727 -0.200417
0.0535538 -0.200406
0.0534368 -0.200394
0.0533215 -0.200381
0.053208 -0.200368
0.0530964 -0.200354
0.0529865 -0.200339
0.0528784 -0.200324
0.0527721 -0.200308
0.0526675 -0.200292
0.0525647 -0.200276
0.0524637 -0.200258
0.0523644 -0.20024
0.0522669 -0.200222
0.0521711 -0.200203
0.0520771 -0.200184
0.0519848 -0.200165
0.0518942 -0.200145
0.0518053 -0.200124
0.0517181 -0.200103
0.0516326 -0.200082
0.0515489 -0.20006
0.0514668 -0.200038
0.0513864 -0.200015
0.0513077 -0.199992
0.0512307 -0.199969
0.0511553 -0.199946
0.0510816 -0.199922
0.0510096 -0.199898
0.0509392 -0.199873
0.0508704 -0.199848
0.0508033 -0.199823
0.0507378 -0.199798
0.0506739 -0.199773
0.0506117 -0.199747
0.0505511 -0.199721
0.050492 -0.199695
0.0504346 -0.199668
0.0503788 -0.199642
0.0503245 -0.199615
0.0502718 -0.199588
0.0502207 -0.199561
0.0501712 -0.199534
0.0501232 -0.199506
0.0500768 -0.199479
0.050032 -0.199451
0.0499886 -0.199423
0.0499469 -0.199396
0.0499066 -0.199368
0.0498679 -0.19934
0.0498307 -0.199312
0.049795 -0.199283
0.0497608 -0.199255
0.0497281 -0.199227
0.0496969 -0.199199
0.0496671 -0.199171
0.0496389 -0.199142
0.0496122 -0.199114
0.0495869 -0.199086
0.049563 -0.199058
0.0495407 -0.199029
0.0495197 -0.199001
0.0495003 -0.198973
0.0494822 -0.198945
0.0494656 -0.198917
0.0494504 -0.198889
0.0494367 -0.198862
0.0494243 -0.198834
0.0494134 -0.198806
0.0494038 -0.198779
0.0493957 -0.198752
0.0493889 -0.198724
0.0493836 -0.198697
0.0493796 -0.198671
0.049377 -0.198644
0.0493757 -0.198617
0.0493758 -0.198591
0.0493773 -0.198565
0.0493801 -0.198539
0.0493842 -0.198513
0.0493897 -0.198488
0.0493965 -0.198462
0.0494047 -0.198437
0.0494142 -0.198413
0.0494249 -0.198388
0.049437 -0.198364
0.0494504 -0.19834
0.0494651 -0.198316
0.0494811 -0.198293
0.0494984 -0.19827
0.0495169 -0.198248
0.0495368 -0.198226
0.0495579 -0.198204
0.0495803 -0.198182
0.0496039 -0.198161
0.0496288 -0.198141
0.049655 -0.198121
0.0496824 -0.198101
0.0497111 -0.198082
0.049741 -0.198064
0.0497722 -0.198046
0.0498046 -0.198029
0.0498382 -0.198012
0.0498731 -0.197996
0.0499092 -0.197981
0.0499466 -0.197967
0.0499851 -0.197953
0.0500249 -0.19794
0.050066 -0.197928
0.0501082 -0.197917
0.0501517 -0.197907
0.0501965 -0.197898
0.0502424 -0.197891
0.0502896 -0.197884
0.0503381 -0.197879
0.0503877 -0.197875
0.0504386 -0.197872
0.0504908 -0.197871
0.0505442 -0.197872
0.0505988 -0.197874
0.0506547 -0.197877
0.0507119 -0.197883
0.0507703 -0.19789
0.0508299 -0.197899
0.0508908 -0.19791
0.050953 -0.197923
0.0510164 -0.197938
0.0510811 -0.197956
0.0511471 -0.197975
0.0512143 -0.197997
0.0512827 -0.198021
0.0513525 -0.198047
0.0514235 -0.198076
0.0514957 -0.198107
0.0515692 -0.19814
0.0516439 -0.198176
0.0517199 -0.198214
0.0517972 -0.198255
0.0518756 -0.198298
0.0519553 -0.198344
0.0520362 -0.198392
0.0521184 -0.198442
0.0522017 -0.198496
0.0522863 -0.198551
0.0523721 -0.198609
0.0524591 -0.19867
0.0525472 -0.198733
0.0526366 -0.198799
0.0527271 -0.198867
0.0528188 -0.198938
0.0529117 -0.199011
0.0530057 -0.199087
0.0531009 -0.199165
0.0531972 -0.199245
0.0532947 -0.199328
0.0533933 -0.199414
0.053493 -0.199501
0.0535938 -0.199592
0.0536958 -0.199684
0.0537988 -0.199779
0.0539029 -0.199877
0.0540081 -0.199976
0.0541144 -0.200078
0.0542218 -0.200183
0.0543302 -0.200289
0.0544397 -0.200398
0.0545502 -0.20051
0.0546618 -0.200623
0.0547744 -0.200739
0.054888 -0.200857
0.0550027 -0.200977
0.0551183 -0.201099
0.055235 -0.201224
0.0553526 -0.201351
0.0554713 -0.20148
0.0555909 -0.201611
0.0557115 -0.201744
0.0558331 -0.20188
0.0559556 -0.202017
0.0560791 -0.202157
0.0562036 -0.202298
0.0563289 -0.202442
0.0564552 -0.202588
0.0565825 -0.202736
0.0567106 -0.202885
0.0568397 -0.203037
0.0569696 -0.203191
0.0571005 -0.203347
0.0572322 -0.203505
0.0573649 -0.203664
0.0574984 -0.203826
0.0576328 -0.20399
0.057768 -0.204155
0.0579041 -0.204322
0.058041 -0.204492
0.0581788 -0.204663
0.0583174 -0.204836
0.0584568 -0.20501
0.0585971 -0.205187
0.0587382 -0.205366
0.05888 -0.205546
0.0590227 -0.205728
0.0591662 -0.205912
0.0593105 -0.206097
0.0594555 -0.206284
0.0596013 -0.206473
0.0597479 -0.206664
0.0598952 -0.206857
0.0600433 -0.207051
0.0601921 -0.207246
0.0603417 -0.207444
0.060492 -0.207643
0.0606431 -0.207844
0.0607948 -0.208046
0.0609473 -0.20825
0.0611005 -0.208456
0.0612544 -0.208663
0.0614089 -0.208871
0.0615642 -0.209082
0.0617202 -0.209293
0.0618768 -0.209507
0.0620341 -0.209722
0.062192 -0.209938
0.0623507 -0.210156
0.0625099 -0.210375
0.0626698 -0.210596
0.0628304 -0.210818
0.0629916 -0.211042
0.0631534 -0.211267
0.0633158 -0.211494
0.0634788 -0.211722
0.0636425 -0.211951
0.0638067 -0.212182
0.0639716 -0.212414
0.064137 -0.212647
0.0643031 -0.212882
0.0644697 -0.213118
0.0646368 -0.213356
0.0648046 -0.213595
0.0649729 -0.213835
0.0651417 -0.214076
0.0653111 -0.214319
0.0654811 -0.214563
0.0656515 -0.214808
0.0658226 -0.215054
0.0659941 -0.215302
0.0661662 -0.215551
0.0663387 -0.215801
0.0665118 -0.216052
0.0666854 -0.216304
0.0668595 -0.216558
0.067034 -0.216813
0.0672091 -0.217069
0.0673846 -0.217326
0.0675606 -0.217584
0.0677371 -0.217843
0.0679141 -0.218103
0.0680915 -0.218365
0.0682693 -0.218627
0.0684476 -0.218891
0.0686263 -0.219156
0.0688055 -0.219421
0.0689851 -0.219688
0.0691652 -0.219956
0.0693456 -0.220225
0.0695265 -0.220494
0.0697077 -0.220765
0.0698894 -0.221037
0.0700715 -0.22131
0.070254 -0.221583
0.0704368 -0.221858
0.0706201 -0.222134
0.0708037 -0.22241
0.0709877 -0.222688
0.071172 -0.222966
0.0713568 -0.223245
0.0715418 -0.223525
0.0717273 -0.223806
0.071913 -0.224088
0.0720992 -0.224371
0.0722856 -0.224654
0.0724724 -0.224939
0.0726595 -0.225224
0.072847 -0.22551
0.0730347 -0.225797
0.0732228 -0.226085
0.0734111 -0.226373
0.0735998 -0.226662
0.0737888 -0.226952
0.0739781 -0.227243
0.0741676 -0.227534
0.0743574 -0.227827
0.0745475 -0.22812
0.0747379 -0.228413
0.0749286 -0.228708
0.0751195 -0.229003
0.0753107 -0.229298
0.0755021 -0.229595
0.0756938 -0.229892
0.0758857 -0.23019
0.0760779 -0.230488
0.0762703 -0.230787
0.0764629 -0.231087
0.0766557 -0.231387
0.0768488 -0.231688
0.0770421 -0.231989
0.0772356 -0.232291
0.0774293 -0.232594
0.0776232 -0.232897
0.0778174 -0.233201
0.0780117 -0.233505
0.0782061 -0.23381
0.0784008 -0.234116
0.0785957 -0.234421
0.0787907 -0.234728
0.0789859 -0.235035
0.0791813 -0.235342
0.0793768 -0.23565
0.0795724 -0.235958
0.0797683 -0.236267
0.0799642 -0.236576
0.0801603 -0.236886
0.0803566 -0.237196
0.0805529 -0.237506
0.0807494 -0.237817
0.080946 -0.238129
0.0811428 -0.23844
0.0813396 -0.238752
0.0815365 -0.239064
0.0817335 -0.239377
0.0819306 -0.23969
0.0821278 -0.240003
0.0823251 -0.240316
0.0825224 -0.24063
0.0827198 -0.240943
0.0829173 -0.241257
0.0831148 -0.241572
0.0833123 -0.241886
0.0835099 -0.2422
0.0837075 -0.242515
0.0839051 -0.24283
0.0841027 -0.243144
0.0843004 -0.243459
0.084498 -0.243774
0.0846956 -0.244088
0.0848932 -0.244403
0.0850908 -0.244718
0.0852883 -0.245032
0.0854858 -0.245347
0.0856833 -0.245661
0.0858807 -0.245976
0.086078 -0.24629
0.0862753 -0.246604
0.0864725 -0.246917
0.0866696 -0.247231
0.0868666 -0.247544
0.0870636 -0.247857
0.0872605 -0.24817
0.0874572 -0.248482
0.0876539 -0.248795
0.0878504 -0.249107
0.0880469 -0.249418
0.0882432 -0.24973
0.0884394 -0.250041
0.0886355 -0.250351
0.0888314 -0.250662
0.0890272 -0.250972
0.0892229 -0.251281
0.0894185 -0.251591
0.0896139 -0.2519
0.0898092 -0.252208
0.0900043 -0.252517
0.0901993 -0.252824
0.0903941 -0.253132
0.0905888 -0.253439
0.0907833 -0.253746
0.0909776 -0.254052
0.0911718 -0.254358
0.0913659 -0.254664
0.0915597 -0.254969
0.0917535 -0.255274
0.091947 -0.255578
0.0921404 -0.255882
0.0923335 -0.256186
0.0925266 -0.256489
0.0927194 -0.256791
0.0929121 -0.257094
0.0931045 -0.257396
0.0932968 -0.257697
0.0934889 -0.257998
0.0936808 -0.258299
0.0938726 -0.258599
0.0940641 -0.258899
0.0942554 -0.259199
0.0944466 -0.259498
0.0946375 -0.259796
0.0948283 -0.260094
0.0950188 -0.260392
0.0952092 -0.260689
0.0953993 -0.260986
0.0955892 -0.261282
0.095779 -0.261578
0.0959685 -0.261874
0.0961578 -0.262169
0.0963469 -0.262463
0.0965357 -0.262758
0.0967244 -0.263051
0.0969128 -0.263345
0.097101 -0.263637
0.097289 -0.26393
0.0974768 -0.264222
0.0976643 -0.264513
0.0978516 -0.264804
0.0980387 -0.265095
0.0982256 -0.265385
0.0984122 -0.265674
0.0985986 -0.265963
0.0987847 -0.266252
0.0989706 -0.26654
0.0991563 -0.266828
0.0993417 -0.267115
0.0995269 -0.267402
0.0997119 -0.267688
0.0998966 -0.267974
0.100081 -0.26826
0.100265 -0.268545
0.100449 -0.268829
0.100633 -0.269113
0.100816 -0.269397
0.101 -0.26968
0.101182 -0.269962
0.101365 -0.270244
0.101548 -0.270526
0.10173 -0.270807
0.101912 -0.271087
0.102093 -0.271367
0.102275 -0.271647
0.102456 -0.271926
0.102637 -0.272205
0.102817 -0.272483
0.102997 -0.272761
0.103178 -0.273038
0.103357 -0.273314
0.103537 -0.273591
0.103716 -0.273866
0.103895 -0.274141
0.104074 -0.274416
0.104252 -0.27469
0.10443 -0.274964
0.104608 -0.275237
0.104785 -0.27551
0.104963 -0.275782
0.10514 -0.276053
0.105316 -0.276325
0.105493 -0.276595
0.105669 -0.276865
0.105845 -0.277135
0.10602 -0.277404
0.106195 -0.277672
0.10637 -0.277941
0.106545 -0.278208
0.106719 -0.278475
0.106893 -0.278742
0.107067 -0.279008
0.10724 -0.279273
0.107414 -0.279538
0.107586 -0.279802
0.107759 -0.280066
0.107931 -0.28033
0.108103 -0.280593
0.108275 -0.280855
0.108446 -0.281117
0.108617 -0.281378
0.108788 -0.281639
0.108958 -0.281899
0.109128 -0.282159
0.109298 -0.282418
0.109467 -0.282677
0.109637 -0.282935
0.109805 -0.283192
0.109974 -0.283449
0.110142 -0.283706
0.11031 -0.283962
0.110478 -0.284217
0.110645 -0.284472
0.110812 -0.284727
0.110978 -0.284981
0.111145 -0.285234
0.111311 -0.285487
0.111476 -0.285739
0.111641 -0.285991
0.111806 -0.286242
0.111971 -0.286492
0.112135 -0.286743
0.112299 -0.286992
0.112463 -0.287241
0.112626 -0.28749
0.112789 -0.287737
0.112952 -0.287985
0.113114 -0.288232
0.113276 -0.288478
0.113438 -0.288724
0.113599 -0.288969
0.11376 -0.289214
0.113921 -0.289458
0.114081 -0.289701
0.114241 -0.289944
0.114401 -0.290187
0.11456 -0.290429
0.114719 -0.29067
0.114878 -0.290911
0.115036 -0.291151
0.115194 -0.291391
0.115352 -0.29163
0.115509 -0.291868
0.115666 -0.292107
0.115822 -0.292344
0.115979 -0.292581
0.116134 -0.292817
0.11629 -0.293053
0.116445 -0.293288
0.1166 -0.293523
0.116754 -0.293757
0.116909 -0.293991
0.117062 -0.294224
0.117216 -0.294457
0.117369 -0.294689
0.117522 -0.29492
0.117674 -0.295151
0.117826 -0.295381
0.117978 -0.295611
0.118129 -0.29584
0.11828 -0.296069
0.11843 -0.296297
0.118581 -0.296524
0.118731 -0.296751
0.11888 -0.296977
0.119029 -0.297203
0.119178 -0.297428
0.119327 -0.297653
0.119475 -0.297877
0.119622 -0.298101
0.11977 -0.298324
0.119917 -0.298546
0.120064 -0.298768
0.12021 -0.29899
0.120356 -0.29921
0.120501 -0.29943
0.120647 -0.29965
0.120792 -0.299869
0.120936 -0.300088
0.12108 -0.300306
0.121224 -0.300523
0.121367 -0.30074
0.12151 -0.300956
0.121653 -0.301172
0.121795 -0.301387
0.121937 -0.301602
0.122079 -0.301816
0.12222 -0.302029
0.122361 -0.302242
0.122502 -0.302454
0.122642 -0.302666
0.122781 -0.302877
0.122921 -0.303088
0.12306 -0.303298
0.123198 -0.303507
0.123337 -0.303716
0.123475 -0.303925
0.123612 -0.304133
0.123749 -0.30434
0.123886 -0.304547
0.124023 -0.304753
0.124159 -0.304958
0.124294 -0.305163
0.12443 -0.305368
0.124565 -0.305572
0.124699 -0.305775
0.124834 -0.305978
0.124967 -0.30618
0.125101 -0.306381
0.125234 -0.306582
0.125367 -0.306783
0.125499 -0.306983
0.125631 -0.307182
0.125763 -0.307381
0.125894 -0.307579
0.126025 -0.307777
0.126155 -0.307974
0.126286 -0.308171
0.126415 -0.308367
0.126545 -0.308562
0.126674 -0.308757
0.126802 -0.308951
0.126931 -0.309145
0.127059 -0.309338
0.127186 -0.309531
0.127313 -0.309723
0.12744 -0.309914
0.127567 -0.310105
0.127693 -0.310296
0.127818 -0.310486
0.127944 -0.310675
0.128068 -0.310864
0.128193 -0.311052
0.128317 -0.311239
0.128441 -0.311426
0.128564 -0.311613
0.128687 -0.311799
0.12881 -0.311984
0.128932 -0.312169
0.129054 -0.312353
0.129176 -0.312537
0.129297 -0.31272
0.129418 -0.312902
0.129538 -0.313084
0.129658 -0.313266
0.129778 -0.313447
0.129897 -0.313627
0.130016 -0.313807
0.130135 -0.313986
0.130253 -0.314165
0.130371 -0.314343
0.130488 -0.31452
0.130606 -0.314697
0.130722 -0.314874
0.130839 -0.31505
0.130954 -0.315225
0.13107 -0.3154
0.131185 -0.315574
0.1313 -0.315747
0.131415 -0.31592
0.131529 -0.316093
0.131642 -0.316265
0.131756 -0.316436
0.131869 -0.316607
0.131981 -0.316777
0.132093 -0.316947
0.132205 -0.317116
0.132317 -0.317285
0.132428 -0.317453
0.132539 -0.31762
0.132649 -0.317787
0.132759 -0.317954
0.132868 -0.318119
0.132978 -0.318284
0.133086 -0.318449
0.133195 -0.318613
0.133303 -0.318776
0.133411 -0.318939
0.133518 -0.319101
0.133625 -0.319263
0.133731 -0.319424
0.133837 -0.319584
0.133943 -0.319744
0.134048 -0.319903
0.134153 -0.320061
0.134258 -0.320219
0.134362 -0.320376
0.134466 -0.320533
0.134569 -0.320688
0.134672 -0.320844
0.134774 -0.320998
0.134877 -0.321151
0.134978 -0.321304
0.135079 -0.321456
0.13518 -0.321607
0.135281 -0.321758
0.13538 -0.321908
0.13548 -0.322056
0.135579 -0.322204
0.135677 -0.322351
0.135775 -0.322497
0.135873 -0.322642
0.13597 -0.322786
0.136067 -0.32293
0.136163 -0.323072
0.136258 -0.323213
0.136354 -0.323353
0.136448 -0.323492
0.136542 -0.32363
0.136636 -0.323767
0.136729 -0.323903
0.136822 -0.324038
0.136914 -0.324171
0.137005 -0.324304
0.137096 -0.324435
0.137187 -0.324565
0.137277 -0.324694
0.137366 -0.324822
0.137455 -0.324949
0.137543 -0.325075
0.137631 -0.325199
0.137718 -0.325322
0.137805 -0.325444
0.137891 -0.325565
0.137977 -0.325685
0.138062 -0.325804
0.138147 -0.325921
0.138231 -0.326038
0.138315 -0.326153
0.138398 -0.326267
0.13848 -0.32638
0.138562 -0.326491
0.138644 -0.326602
0.138725 -0.326712
0.138805 -0.32682
0.138885 -0.326927
0.138965 -0.327033
0.139044 -0.327138
0.139122 -0.327242
0.1392 -0.327345
0.139277 -0.327447
0.139354 -0.327548
0.139431 -0.327647
0.139507 -0.327746
0.139582 -0.327843
0.139657 -0.32794
0.139731 -0.328035
0.139805 -0.328129
0.139879 -0.328223
0.139952 -0.328315
0.140024 -0.328406
0.140096 -0.328496
0.140168 -0.328586
0.140239 -0.328674
0.140309 -0.328761
0.140379 -0.328847
0.140449 -0.328933
0.140518 -0.329017
0.140586 -0.3291
0.140655 -0.329182
0.140722 -0.329264
0.140789 -0.329344
0.140856 -0.329424
0.140922 -0.329502
0.140988 -0.32958
0.141054 -0.329656
0.141119 -0.329732
0.141183 -0.329807
0.141247 -0.329881
0.141311 -0.329954
0.141374 -0.330026
0.141437 -0.330097
0.141499 -0.330167
0.141561 -0.330237
0.141622 -0.330305
0.141683 -0.330373
0.141743 -0.330439
0.141803 -0.330505
0.141863 -0.330571
0.141922 -0.330635
0.141981 -0.330698
0.142039 -0.330761
0.142097 -0.330822
0.142155 -0.330883
0.142212 -0.330943
0.142268 -0.331003
0.142325 -0.331061
0.14238 -0.331119
0.142436 -0.331176
0.142491 -0.331232
0.142545 -0.331287
0.142599 -0.331342
0.142653 -0.331395
0.142707 -0.331448
0.14276 -0.331501
0.142812 -0.331552
0.142864 -0.331603
0.142916 -0.331653
0.142967 -0.331702
0.143018 -0.331751
0.143069 -0.331798
0.143119 -0.331845
0.143169 -0.331892
0.143218 -0.331937
0.143267 -0.331982
0.143316 -0.332026
0.143364 -0.33207
0.143412 -0.332113
0.14346 -0.332155
0.143507 -0.332196
0.143554 -0.332237
0.1436 -0.332277
0.143646 -0.332316
0.143692 -0.332355
0.143737 -0.332393
0.143782 -0.332431
0.143826 -0.332467
0.143871 -0.332504
0.143914 -0.332539
0.143958 -0.332574
0.144001 -0.332608
0.144044 -0.332642
0.144086 -0.332675
0.144128 -0.332707
0.14417 -0.332739
0.144211 -0.33277
0.144252 -0.332801
0.144293 -0.332831
0.144333 -0.33286
0.144373 -0.332889
0.144413 -0.332917
0.144452 -0.332945
0.144491 -0.332972
0.14453 -0.332998
0.144568 -0.333024
0.144606 -0.33305
0.144644 -0.333075
0.144681 -0.333099
0.144718 -0.333123
0.144755 -0.333146
0.144791 -0.333169
0.144827 -0.333191
0.144863 -0.333212
0.144898 -0.333233
0.144933 -0.333254
0.144968 -0.333274
0.145002 -0.333294
0.145036 -0.333313
0.14507 -0.333331
0.145104 -0.333349
0.145137 -0.333367
0.14517 -0.333384
0.145202 -0.3334
0.145235 -0.333416
0.145267 -0.333432
0.145298 -0.333447
0.14533 -0.333462
0.145361 -0.333476
0.145391 -0.33349
0.145422 -0.333503
0.145452 -0.333516
0.145482 -0.333528
0.145512 -0.33354
0.145541 -0.333552
0.14557 -0.333563
0.145599 -0.333574
0.145627 -0.333584
0.145655 -0.333594
0.145683 -0.333603
0.145711 -0.333612
0.145738 -0.33362
0.145765 -0.333629
0.145792 -0.333636
0.145818 -0.333644
0.145845 -0.333651
0.145871 -0.333657
0.145896 -0.333663
0.145922 -0.333669
0.145947 -0.333674
0.145972 -0.333679
0.145996 -0.333684
0.146021 -0.333688
0.146045 -0.333692
0.146069 -0.333696
0.146092 -0.333699
0.146116 -0.333702
0.146139 -0.333704
0.146162 -0.333706
0.146184 -0.333708
0.146206 -0.333709
0.146229 -0.33371
0.14625 -0.333711
0.146272 -0.333711
0.146293 -0.333711
0.146314 -0.333711
0.146335 -0.333711
0.146356 -0.33371
0.146376 -0.333708
0.146396 -0.333707
0.146416 -0.333705
0.146436 -0.333703
0.146455 -0.3337
0.146474 -0.333698
0.146493 -0.333695
0.146512 -0.333691
0.14653 -0.333688
0.146549 -0.333684
0.146567 -0.333679
0.146585 -0.333675
0.146602 -0.33367
0.146619 -0.333665
0.146637 -0.33366
0.146653 -0.333654
0.14667 -0.333648
0.146687 -0.333642
0.146703 -0.333636
0.146719 -0.333629
0.146735 -0.333622
0.14675 -0.333615
0.146766 -0.333608
0.146781 -0.3336
0.146796 -0.333593
0.146811 -0.333586
0.146826 -0.33358
0.146841 -0.333573
0.146856 -0.333566
0.146871 -0.33356
0.146885 -0.333554
0.1469 -0.333548
0.146914 -0.333542
0.146929 -0.333536
0.146943 -0.33353
0.146957 -0.333525
0.146971 -0.333519
0.146985 -0.333514
0.146999 -0.333509
0.147013 -0.333504
0.147026 -0.333499
0.14704 -0.333494
0.147054 -0.33349
0.147067 -0.333485
0.14708 -0.333481
0.147094 -0.333477
0.147107 -0.333473
0.14712 -0.333469
0.147133 -0.333465
0.147146 -0.333462
0.147158 -0.333458
0.147171 -0.333455
0.147184 -0.333451
0.147196 -0.333448
0.147209 -0.333445
0.147221 -0.333443
0.147233 -0.33344
0.147246 -0.333437
0.147258 -0.333435
0.14727 -0.333432
0.147282 -0.33343
0.147293 -0.333428
0.147305 -0.333426
0.147317 -0.333424
0.147328 -0.333423
0.14734 -0.333421
0.147351 -0.33342
0.147362 -0.333419
0.147374 -0.333417
0.147385 -0.333416
0.147396 -0.333415
0.147407 -0.333415
0.147418 -0.333414
0.147429 -0.333413
0.147439 -0.333413
0.14745 -0.333412
0.14746 -0.333412
0.147471 -0.333412
0.147481 -0.333412
0.147492 -0.333412
0.147502 -0.333413
0.147512 -0.333413
0.147522 -0.333413
0.147532 -0.333414
0.147542 -0.333415
0.147552 -0.333416
0.147561 -0.333417
0.147571 -0.333418
0.147581 -0.333419
0.14759 -0.33342
0.1476 -0.333422
0.147609 -0.333423
0.147618 -0.333425
0.147627 -0.333426
0.147636 -0.333428
0.147645 -0.33343
0.147654 -0.333432
0.147663 -0.333435
0.147672 -0.333437
0.147681 -0.333439
0.147689 -0.333442
0.147698 -0.333444
0.147706 -0.333447
0.147715 -0.33345
0.147723 -0.333453
0.147731 -0.333456
0.147739 -0.333459
0.147747 -0.333462
0.147755 -0.333466
0.147763 -0.333469
0.147771 -0.333473
0.147779 -0.333476
0.147787 -0.33348
0.147794 -0.333484
0.147802 -0.333488
0.147809 -0.333492
0.147817 -0.333496
0.147824 -0.333501
0.147831 -0.333505
0.147839 -0.333509
0.147846 -0.333514
0.147853 -0.333519
0.14786 -0.333523
0.147867 -0.333528
0.147873 -0.333533
0.14788 -0.333538
0.147887 -0.333543
0.147893 -0.333549
0.1479 -0.333554
0.147907 -0.333559
0.147913 -0.333565
0.147919 -0.333571
0.147926 -0.333576
0.147932 -0.333582
0.147938 -0.333588
0.147944 -0.333594
0.14795 -0.3336
0.147956 -0.333606
0.147962 -0.333613
0.147967 -0.333619
0.147973 -0.333625
0.147979 -0.333632
0.147984 -0.333638
0.14799 -0.333645
0.147995 -0.333652
0.148001 -0.333659
0.148006 -0.333666
0.148011 -0.333673
0.148016 -0.33368
0.148022 -0.333687
0.148027 -0.333694
0.148032 -0.333702
0.148036 -0.333709
0.148041 -0.333717
0.148046 -0.333724
0.148051 -0.333732
0.148055 -0.33374
0.14806 -0.333748
0.148065 -0.333756
0.148069 -0.333764
0.148073 -0.333772
0.148078 -0.33378
0.148082 -0.333788
0.148086 -0.333797
0.14809 -0.333805
0.148095 -0.333814
0.148099 -0.333822
0.148103 -0.333831
0.148106 -0.33384
0.14811 -0.333848
0.148114 -0.333857
0.148118 -0.333866
0.148122 -0.333875
0.148125 -0.333884
0.148129 -0.333894
0.148132 -0.333903
0.148136 -0.333912
0.148139 -0.333922
0.148142 -0.333931
0.148145 -0.333941
0.148149 -0.33395
0.148152 -0.33396
0.148155 -0.33397
0.148158 -0.333979
0.148161 -0.333989
0.148164 -0.333999
0.148167 -0.334009
0.148169 -0.334019
0.148172 -0.334029
0.148175 -0.33404
0.148177 -0.33405
0.14818 -0.33406
0.148182 -0.334071
0.148185 -0.334081
0.148187 -0.334092
0.14819 -0.334102
0.148192 -0.334113
0.148194 -0.334124
0.148196 -0.334135
0.148199 -0.334145
0.148201 -0.334156
0.148203 -0.334167
0.148205 -0.334178
0.148206 -0.334189
0.148208 -0.334201
0.14821 -0.334212
0.148212 -0.334223
0.148214 -0.334235
0.148215 -0.334246
0.148217 -0.334257
0.148218 -0.334269
0.14822 -0.33428
0.148221 -0.334292
0.148223 -0.334304
0.148224 -0.334316
0.148225 -0.334327
0.148227 -0.334339
0.148228 -0.334351
0.148229 -0.334363
0.14823 -0.334375
0.148231 -0.334387
0.148232 -0.334399
0.148233 -0.334411
0.148234 -0.334424
0.148235 -0.334436
0.148236 -0.334448
0.148236 -0.334461
0.148237 -0.334473
0.148238 -0.334486
0.148238 -0.334498
0.148239 -0.334511
0.148239 -0.334523
0.14824 -0.334536
0.14824 -0.334549
0.148241 -0.334562
0.148241 -0.334574
0.148241 -0.334587
0.148241 -0.3346
0.148242 -0.334613
0.148242 -0.334626
0.148242 -0.334639
0.148242 -0.334652
0.148242 -0.334665
0.148242 -0.334679
0.148242 -0.334692
0.148242 -0.334705
0.148242 -0.334718
0.148241 -0.334732
0.148241 -0.334745
0.148241 -0.334759
0.148241 -0.334772
0.14824 -0.334786
0.14824 -0.334799
0.148239 -0.334813
0.148239 -0.334827
0.148238 -0.33484
0.148238 -0.334854
0.148237 -0.334868
0.148236 -0.334882
0.148236 -0.334895
0.148235 -0.334909
0.148234 -0.334923
0.148233 -0.334937
0.148232 -0.334951
0.148232 -0.334965
0.148231 -0.334979
0.14823 -0.334993
0.148229 -0.335008
0.148228 -0.335022
0.148226 -0.335036
0.148225 -0.33505
0.148224 -0.335064
0.148223 -0.335079
0.148222 -0.335093
0.14822 -0.335108
0.148219 -0.335122
0.148218 -0.335136
0.148216 -0.335151
0.148215 -0.335165
0.148213 -0.33518
0.148212 -0.335195
0.14821 -0.335209
0.148209 -0.335224
0.148207 -0.335238
0.148205 -0.335253
0.148204 -0.335268
0.148202 -0.335283
0.1482 -0.335297
0.148198 -0.335312
0.148197 -0.335327
0.148195 -0.335342
0.148193 -0.335357
0.148191 -0.335372
0.148189 -0.335387
0.148187 -0.335402
0.148185 -0.335417
0.148183 -0.335432
0.148181 -0.335447
0.148179 -0.335462
0.148176 -0.335477
0.148174 -0.335492
0.148172 -0.335507
0.14817 -0.335522
0.148167 -0.335538
0.148165 -0.335553
0.148163 -0.335568
0.14816 -0.335583
0.148158 -0.335599
0.148155 -0.335614
0.148153 -0.335629
0.14815 -0.335645
0.148148 -0.33566
0.148145 -0.335675
0.148143 -0.335691
0.14814 -0.335706
0.148137 -0.335722
0.148135 -0.335737
0.148132 -0.335753
0.148129 -0.335768
0.148127 -0.335784
0.148124 -0.335799
0.148121 -0.335815
0.148118 -0.33583
0.148115 -0.335846
0.148112 -0.335862
0.148109 -0.335877
0.148106 -0.335893
0.148103 -0.335909
0.1481 -0.335924
0.148097 -0.33594
0.148094 -0.335956
0.148091 -0.335971
0.148088 -0.335987
0.148085 -0.336003
0.148081 -0.336019
0.148078 -0.336034
0.148075 -0.33605
0.148072 -0.336066
0.148068 -0.336082
0.148065 -0.336098
0.148062 -0.336114
0.148058 -0.336129
0.148055 -0.336145
0.148052 -0.336161
0.148048 -0.336177
0.148045 -0.336193
0.148041 -0.336209
0.148038 -0.336225
0.148034 -0.336241
0.148031 -0.336257
0.148027 -0.336273
0.148023 -0.336289
0.14802 -0.336305
0.148016 -0.336321
0.148012 -0.336337
0.148009 -0.336353
0.148005 -0.336369
0.148001 -0.336385
0.147997 -0.336401
0.147994 -0.336417
0.14799 -0.336433
0.147986 -0.336449
0.147982 -0.336465
0.147978 -0.336481
0.147974 -0.336497
0.14797 -0.336513
0.147967 -0.336529
0.147963 -0.336545
0.147959 -0.336561
0.147955 -0.336577
0.147951 -0.336593
0.147947 -0.33661
0.147943 -0.336626
0.147938 -0.336642
0.147934 -0.336658
0.14793 -0.336674
0.147926 -0.33669
0.147922 -0.336706
0.147918 -0.336722
0.147914 -0.336738
0.147909 -0.336755
0.147905 -0.336771
0.147901 -0.336787
0.147897 -0.336803
0.147892 -0.336819
0.147888 -0.336835
0.147884 -0.336851
0.147879 -0.336868
0.147875 -0.336884
0.147871 -0.3369
0.147866 -0.336916
0.147862 -0.336932
0.147857 -0.336948
0.147853 -0.336964
0.147849 -0.33698
0.147844 -0.336997
0.14784 -0.337013
0.147835 -0.337029
0.147831 -0.337045
0.147826 -0.337061
0.147822 -0.337077
0.147817 -0.337093
0.147812 -0.337109
0.147808 -0.337125
0.147803 -0.337142
0.147799 -0.337158
0.147794 -0.337174
0.147789 -0.33719
0.147785 -0.337206
0.14778 -0.337222
0.147775 -0.337238
0.147771 -0.337254
0.147766 -0.33727
0.147761 -0.337286
0.147756 -0.337302
0.147752 -0.337318
0.147747 -0.337335
0.147742 -0.337351
0.147737 -0.337367
0.147732 -0.337383
0.147728 -0.337399
0.147723 -0.337415
