0.16264 -0.1453
0.162622 -0.145307
0.162586 -0.14532
0.162533 -0.145339
0.162463 -0.145365
0.162375 -0.145397
0.162271 -0.145435
0.16215 -0.145479
0.162014 -0.145529
0.161861 -0.145585
0.161694 -0.145646
0.161513 -0.145713
0.161317 -0.145786
0.161109 -0.145863
0.160887 -0.145945
0.160654 -0.146032
0.160409 -0.146123
0.160155 -0.146219
0.159891 -0.146318
0.159618 -0.146421
0.159338 -0.146528
0.159051 -0.146637
0.158759 -0.146749
0.158463 -0.146864
0.158164 -0.14698
0.157862 -0.147098
0.157559 -0.147218
0.157256 -0.147339
0.156954 -0.147461
0.156653 -0.147583
0.156355 -0.147705
0.15606 -0.147828
0.155768 -0.147951
0.15548 -0.148074
0.155197 -0.148197
0.154918 -0.148319
0.154643 -0.148442
0.154372 -0.148564
0.154106 -0.148686
0.153844 -0.148807
0.153586 -0.148928
0.153332 -0.14905
0.15308 -0.14917
0.152832 -0.149291
0.152587 -0.149411
0.152344 -0.149531
0.152103 -0.14965
0.151865 -0.149768
0.151628 -0.149886
0.151392 -0.150004
0.151158 -0.15012
0.150925 -0.150235
0.150692 -0.150349
0.15046 -0.150461
0.150229 -0.150572
0.149999 -0.150682
0.149768 -0.150789
0.149538 -0.150895
0.149308 -0.150998
0.149077 -0.151099
0.148847 -0.151198
0.148616 -0.151294
0.148385 -0.151388
0.148154 -0.151479
0.147923 -0.151567
0.147691 -0.151653
0.147459 -0.151735
0.147227 -0.151814
0.146994 -0.15189
0.146761 -0.151962
0.146527 -0.152031
0.146293 -0.152097
0.146059 -0.152159
0.145824 -0.152218
0.145589 -0.152273
0.145354 -0.152324
0.145118 -0.152372
0.144882 -0.152416
0.144646 -0.152456
0.14441 -0.152492
0.144173 -0.152525
0.143937 -0.152553
0.1437 -0.152578
0.143463 -0.152599
0.143225 -0.152617
0.142988 -0.152631
0.142751 -0.152641
0.142513 -0.152647
0.142275 -0.15265
0.142038 -0.152649
0.1418 -0.152645
0.141562 -0.152638
0.141324 -0.152627
0.141085 -0.152614
0.140847 -0.152597
0.140609 -0.152577
0.140371 -0.152555
0.140132 -0.15253
0.139894 -0.152503
0.139655 -0.152473
0.139416 -0.152441
0.139177 -0.152406
0.138938 -0.15237
0.138699 -0.152332
0.13846 -0.152293
0.138221 -0.152252
0.137982 -0.152209
0.137742 -0.152166
0.137503 -0.152121
0.137263 -0.152076
0.137023 -0.15203
0.136783 -0.151983
0.136543 -0.151935
0.136303 -0.151888
0.136062 -0.15184
0.135822 -0.151792
0.135581 -0.151744
0.13534 -0.151695
0.135099 -0.151647
0.134858 -0.151599
0.134617 -0.151552
0.134375 -0.151504
0.134134 -0.151457
0.133892 -0.151411
0.13365 -0.151364
0.133409 -0.151319
0.133167 -0.151273
0.132925 -0.151228
0.132683 -0.151184
0.132441 -0.15114
0.132199 -0.151097
0.131957 -0.151055
0.131715 -0.151013
0.131472 -0.150971
0.13123 -0.15093
0.130988 -0.150889
0.130746 -0.150849
0.130504 -0.15081
0.130263 -0.150771
0.130021 -0.150732
0.129779 -0.150694
0.129538 -0.150656
0.129297 -0.150619
0.129055 -0.150582
0.128814 -0.150545
0.128574 -0.150508
0.128333 -0.150472
0.128093 -0.150435
0.127853 -0.150399
0.127614 -0.150363
0.127375 -0.150327
0.127136 -0.15029
0.126897 -0.150254
0.126659 -0.150217
0.126422 -0.15018
0.126185 -0.150143
0.125948 -0.150105
0.125712 -0.150067
0.125477 -0.150029
0.125242 -0.14999
0.125007 -0.14995
0.124773 -0.14991
0.12454 -0.14987
0.124308 -0.149828
0.124076 -0.149786
0.123845 -0.149744
0.123614 -0.1497
0.123384 -0.149656
0.123155 -0.149611
0.122927 -0.149565
0.122699 -0.149518
0.122472 -0.149471
0.122246 -0.149423
0.12202 -0.149374
0.121795 -0.149324
0.121571 -0.149274
0.121348 -0.149223
0.121126 -0.14917
0.120904 -0.149118
0.120683 -0.149064
0.120463 -0.14901
0.120243 -0.148955
0.120025 -0.148899
0.119807 -0.148842
0.11959 -0.148785
0.119373 -0.148727
0.119158 -0.148669
0.118943 -0.148609
0.118729 -0.148549
0.118515 -0.148489
0.118303 -0.148428
0.118091 -0.148366
0.11788 -0.148303
0.117669 -0.14824
0.117459 -0.148177
0.11725 -0.148113
0.117042 -0.148048
0.116834 -0.147983
0.116627 -0.147917
0.116421 -0.147851
0.116215 -0.147784
0.11601 -0.147717
0.115806 -0.147649
0.115601 -0.147581
0.115398 -0.147512
0.115195 -0.147443
0.114992 -0.147373
0.11479 -0.147303
0.114588 -0.147232
0.114387 -0.147161
0.114186 -0.147089
0.113985 -0.147017
0.113784 -0.146944
0.113583 -0.146871
0.113383 -0.146798
0.113182 -0.146723
0.112981 -0.146649
0.11278 -0.146573
0.112579 -0.146497
0.112378 -0.146421
0.112176 -0.146344
0.111974 -0.146266
0.111771 -0.146188
0.111567 -0.146109
0.111363 -0.146029
0.111158 -0.145949
0.110952 -0.145867
0.110745 -0.145786
0.110537 -0.145703
0.110329 -0.14562
0.110118 -0.145535
0.109907 -0.14545
0.109694 -0.145365
0.10948 -0.145278
0.109265 -0.145191
0.109048 -0.145103
0.10883 -0.145013
0.10861 -0.144924
0.108389 -0.144833
0.108166 -0.144742
0.107942 -0.144649
0.107716 -0.144556
0.107488 -0.144462
0.107259 -0.144368
0.107029 -0.144272
0.106796 -0.144176
0.106562 -0.144079
0.106327 -0.143981
0.10609 -0.143883
0.105851 -0.143784
0.105611 -0.143684
0.105369 -0.143584
0.105126 -0.143483
0.104881 -0.143381
0.104635 -0.143278
0.104387 -0.143175
0.104138 -0.143072
0.103887 -0.142968
0.103635 -0.142863
0.103381 -0.142758
0.103127 -0.142652
0.10287 -0.142546
0.102612 -0.142439
0.102353 -0.142332
0.102093 -0.142224
0.101831 -0.142116
0.101568 -0.142008
0.101304 -0.141899
0.101039 -0.14179
0.100772 -0.14168
0.100504 -0.141571
0.100235 -0.14146
0.0999653 -0.14135
0.099694 -0.141239
0.0994217 -0.141128
0.0991482 -0.141017
0.0988737 -0.140906
0.0985981 -0.140794
0.0983215 -0.140682
0.098044 -0.14057
0.0977654 -0.140458
0.0974859 -0.140346
0.0972054 -0.140233
0.096924 -0.140121
0.0966417 -0.140008
0.0963585 -0.139896
0.0960745 -0.139783
0.0957896 -0.13967
0.0955038 -0.139558
0.0952173 -0.139445
0.09493 -0.139332
0.0946419 -0.13922
0.0943531 -0.139107
0.0940635 -0.138995
0.0937732 -0.138882
0.0934822 -0.13877
0.0931905 -0.138658
0.0928982 -0.138546
0.0926052 -0.138434
0.0923115 -0.138322
0.0920173 -0.138211
0.0917224 -0.1381
0.0914269 -0.137989
0.0911309 -0.137878
0.0908343 -0.137768
0.0905371 -0.137658
0.0902394 -0.137548
0.0899412 -0.137438
0.0896424 -0.137329
0.0893431 -0.137221
0.0890434 -0.137112
0.0887431 -0.137005
0.0884423 -0.136897
0.0881411 -0.13679
0.0878394 -0.136684
0.0875372 -0.136578
0.0872345 -0.136473
0.0869314 -0.136368
0.0866278 -0.136264
0.0863237 -0.136161
0.0860192 -0.136058
0.0857142 -0.135956
0.0854087 -0.135855
0.0851028 -0.135755
0.0847964 -0.135655
0.0844895 -0.135557
0.0841821 -0.135459
0.0838742 -0.135362
0.0835658 -0.135266
0.083257 -0.135171
0.0829476 -0.135078
0.0826377 -0.134985
0.0823274 -0.134893
0.0820165 -0.134803
0.0817051 -0.134714
0.0813932 -0.134625
0.0810808 -0.134539
0.0807679 -0.134453
0.0804544 -0.134368
0.0801405 -0.134285
0.0798261 -0.134204
0.0795112 -0.134123
0.0791958 -0.134044
0.07888 -0.133966
0.0785637 -0.13389
0.0782469 -0.133815
0.0779297 -0.133741
0.0776121 -0.133669
0.077294 -0.133599
0.0769756 -0.133529
0.0766568 -0.133461
0.0763375 -0.133395
0.0760179 -0.13333
0.075698 -0.133267
0.0753778 -0.133205
0.0750572 -0.133144
0.0747363 -0.133085
0.0744151 -0.133028
0.0740937 -0.132971
0.0737719 -0.132917
0.07345 -0.132864
0.0731278 -0.132812
0.0728054 -0.132762
0.0724829 -0.132714
0.0721601 -0.132666
0.0718372 -0.132621
0.0715142 -0.132577
0.071191 -0.132534
0.0708677 -0.132493
0.0705443 -0.132454
0.0702208 -0.132416
0.0698973 -0.132379
0.0695737 -0.132344
0.0692501 -0.132311
0.0689265 -0.132279
0.0686028 -0.132248
0.0682792 -0.132219
0.0679556 -0.132192
0.067632 -0.132166
0.0673086 -0.132142
0.0669851 -0.132119
0.0666618 -0.132098
0.0663386 -0.132078
0.0660155 -0.13206
0.0656925 -0.132043
0.0653697 -0.132028
0.065047 -0.132014
0.0647245 -0.132002
0.0644022 -0.131991
0.0640802 -0.131982
0.0637583 -0.131974
0.0634366 -0.131968
0.0631153 -0.131964
0.0627941 -0.131961
0.0624733 -0.131959
0.0621527 -0.131959
0.0618324 -0.13196
0.0615125 -0.131963
0.0611929 -0.131968
0.0608736 -0.131974
0.0605547 -0.131981
0.0602361 -0.13199
0.0599179 -0.132001
0.0596001 -0.132013
0.0592827 -0.132027
0.0589658 -0.132042
0.0586492 -0.132058
0.0583331 -0.132076
0.0580175 -0.132096
0.0577023 -0.132117
0.0573876 -0.13214
0.0570734 -0.132164
0.0567597 -0.132189
0.0564465 -0.132216
0.0561338 -0.132245
0.0558217 -0.132275
0.0555101 -0.132307
0.055199 -0.13234
0.0548886 -0.132374
0.0545787 -0.13241
0.0542694 -0.132448
0.0539607 -0.132487
0.0536526 -0.132527
0.0533452 -0.132569
0.0530384 -0.132613
0.0527322 -0.132658
0.0524267 -0.132704
0.0521219 -0.132752
0.0518177 -0.132801
0.0515142 -0.132852
0.0512114 -0.132905
0.0509094 -0.132958
0.050608 -0.133014
0.0503074 -0.133071
0.0500075 -0.133129
0.0497083 -0.133188
0.0494099 -0.13325
0.0491123 -0.133312
0.0488155 -0.133376
0.0485194 -0.133442
0.0482241 -0.133509
0.0479297 -0.133577
0.047636 -0.133647
0.0473432 -0.133719
0.0470512 -0.133792
0.0467601 -0.133866
0.0464698 -0.133942
0.0461804 -0.134019
0.0458918 -0.134098
0.0456041 -0.134178
0.0453173 -0.13426
0.0450314 -0.134343
0.0447465 -0.134428
0.0444624 -0.134514
0.0441793 -0.134602
0.0438971 -0.134691
0.0436158 -0.134782
0.0433355 -0.134875
0.0430562 -0.134968
0.0427779 -0.135064
0.0425005 -0.135161
0.0422242 -0.13526
0.0419489 -0.13536
0.0416746 -0.135462
0.0414013 -0.135565
0.0411291 -0.13567
0.040858 -0.135777
0.0405879 -0.135886
0.0403189 -0.135996
0.040051 -0.136109
0.0397843 -0.136223
0.0395187 -0.136339
0.0392542 -0.136456
0.0389909 -0.136576
0.0387287 -0.136698
0.0384678 -0.136822
0.0382081 -0.136948
0.0379496 -0.137076
0.0376923 -0.137206
0.0374363 -0.137339
0.0371816 -0.137473
0.0369281 -0.137611
0.036676 -0.13775
0.0364252 -0.137892
0.0361757 -0.138036
0.0359276 -0.138183
0.0356809 -0.138333
0.0354355 -0.138485
0.0351915 -0.13864
0.0349489 -0.138797
0.0347077 -0.138957
0.034468 -0.13912
0.0342297 -0.139285
0.0339928 -0.139453
0.0337574 -0.139624
0.0335234 -0.139798
0.0332909 -0.139974
0.0330599 -0.140153
0.0328304 -0.140336
0.0326023 -0.14052
0.0323757 -0.140708
0.0321507 -0.140898
0.0319271 -0.141091
0.031705 -0.141287
0.0314845 -0.141486
0.0312654 -0.141688
0.0310479 -0.141892
0.0308319 -0.142099
0.0306174 -0.142308
0.0304044 -0.142521
0.0301929 -0.142736
0.029983 -0.142954
0.0297746 -0.143174
0.0295677 -0.143397
0.0293623 -0.143623
0.0291585 -0.143851
0.0289562 -0.144082
0.0287555 -0.144316
0.0285563 -0.144552
0.0283586 -0.144791
0.0281624 -0.145032
0.0279678 -0.145276
0.0277747 -0.145522
0.0275832 -0.145771
0.0273932 -0.146023
0.0272047 -0.146276
0.0270178 -0.146533
0.0268324 -0.146791
0.0266486 -0.147052
0.0264662 -0.147316
0.0262855 -0.147581
0.0261062 -0.14785
0.0259285 -0.14812
0.0257524 -0.148393
0.0255778 -0.148668
0.0254047 -0.148945
0.0252331 -0.149225
0.0250631 -0.149507
0.0248946 -0.149791
0.0247277 -0.150077
0.0245623 -0.150366
0.0243985 -0.150656
0.0242361 -0.150949
0.0240753 -0.151244
0.0239161 -0.151541
0.0237584 -0.151841
0.0236022 -0.152142
0.0234475 -0.152445
0.0232944 -0.152751
0.0231428 -0.153058
0.0229927 -0.153368
0.0228442 -0.153679
0.0226972 -0.153993
0.0225517 -0.154308
0.0224077 -0.154626
0.0222653 -0.154945
0.0221244 -0.155266
0.021985 -0.15559
0.0218471 -0.155915
0.0217108 -0.156242
0.021576 -0.156571
0.0214426 -0.156901
0.0213109 -0.157234
0.0211806 -0.157568
0.0210518 -0.157904
0.0209246 -0.158242
0.0207988 -0.158581
0.0206746 -0.158923
0.0205519 -0.159266
0.0204307 -0.159611
0.020311 -0.159957
0.0201928 -0.160305
0.0200761 -0.160655
0.0199609 -0.161006
0.0198472 -0.16136
0.019735 -0.161714
0.0196243 -0.162071
0.0195151 -0.162428
0.0194074 -0.162788
0.0193011 -0.163149
0.0191964 -0.163511
0.0190931 -0.163876
0.0189914 -0.164241
0.0188911 -0.164608
0.0187923 -0.164977
0.018695 -0.165347
0.0185991 -0.165718
0.0185048 -0.166091
0.0184119 -0.166465
0.0183204 -0.166841
0.0182305 -0.167218
0.018142 -0.167597
0.018055 -0.167977
0.0179694 -0.168358
0.0178853 -0.16874
0.0178026 -0.169124
0.0177215 -0.169509
0.0176417 -0.169896
0.0175634 -0.170284
0.0174866 -0.170673
0.0174112 -0.171063
0.0173373 -0.171454
0.0172648 -0.171847
0.0171937 -0.172241
0.0171241 -0.172636
0.0170559 -0.173032
0.0169891 -0.173429
0.0169238 -0.173828
0.0168599 -0.174228
0.0167974 -0.174628
0.0167363 -0.17503
0.0166767 -0.175433
0.0166185 -0.175837
0.0165617 -0.176243
0.0165063 -0.176649
0.0164523 -0.177056
0.0163997 -0.177464
0.0163485 -0.177874
0.0162987 -0.178284
0.0162504 -0.178695
0.0162034 -0.179107
0.0161578 -0.179521
0.0161136 -0.179935
0.0160707 -0.18035
0.0160293 -0.180766
0.0159892 -0.181183
0.0159506 -0.181601
0.0159133 -0.182019
0.0158773 -0.182439
0.0158428 -0.182859
0.0158096 -0.183281
0.0157777 -0.183703
0.0157472 -0.184126
0.0157181 -0.18455
0.0156904 -0.184974
0.0156639 -0.185399
0.0156389 -0.185826
0.0156151 -0.186252
0.0155928 -0.18668
0.0155717 -0.187108
0.015552 -0.187538
0.0155337 -0.187967
0.0155166 -0.188398
0.0155009 -0.188829
0.0154865 -0.189261
0.0154734 -0.189694
0.0154617 -0.190127
0.0154513 -0.190561
0.0154421 -0.190995
0.0154343 -0.19143
0.0154278 -0.191866
0.0154226 -0.192302
0.0154187 -0.192739
0.0154161 -0.193176
0.0154149 -0.193614
0.0154149 -0.194053
0.0154161 -0.194492
0.0154187 -0.194932
0.0154226 -0.195372
0.0154278 -0.195813
0.0154342 -0.196254
0.0154419 -0.196695
0.015451 -0.197137
0.0154612 -0.19758
0.0154728 -0.198023
0.0154857 -0.198466
0.0154998 -0.19891
0.0155153 -0.199354
0.015532 -0.199799
0.01555 -0.200244
0.0155692 -0.200689
0.0155898 -0.201135
0.0156117 -0.201581
0.0156348 -0.202027
0.0156593 -0.202474
0.0156851 -0.202921
0.0157122 -0.203368
0.0157406 -0.203815
0.0157703 -0.204263
0.0158014 -0.204711
0.0158338 -0.205159
0.0158676 -0.205608
0.0159028 -0.206056
0.0159394 -0.206505
0.0159774 -0.206954
0.0160169 -0.207403
0.0160578 -0.207852
0.0161003 -0.208301
0.0161442 -0.20875
0.0161897 -0.209199
0.0162368 -0.209648
0.0162855 -0.210097
0.0163359 -0.210546
0.0163881 -0.210995
0.0164419 -0.211443
0.0164976 -0.211892
0.0165552 -0.21234
0.0166146 -0.212788
0.0166761 -0.213236
0.0167396 -0.213683
0.0168052 -0.21413
0.0168729 -0.214576
0.0169429 -0.215022
0.0170152 -0.215468
0.0170898 -0.215913
0.0171669 -0.216357
0.0172464 -0.2168
0.0173285 -0.217243
0.0174131 -0.217686
0.0175004 -0.218127
0.0175904 -0.218568
0.0176832 -0.219007
0.0177787 -0.219446
0.0178771 -0.219884
0.0179783 -0.220321
0.0180825 -0.220757
0.0181895 -0.221192
0.0182995 -0.221627
0.0184125 -0.22206
0.0185285 -0.222492
0.0186475 -0.222923
0.0187694 -0.223352
0.0188944 -0.223781
0.0190224 -0.224209
0.0191535 -0.224636
0.0192875 -0.225061
0.0194246 -0.225485
0.0195646 -0.225908
0.0197077 -0.226331
0.0198538 -0.226751
0.0200028 -0.227171
0.0201548 -0.22759
0.0203098 -0.228007
0.0204677 -0.228424
0.0206285 -0.228839
0.0207922 -0.229253
0.0209588 -0.229665
0.0211283 -0.230077
0.0213007 -0.230488
0.0214758 -0.230897
0.0216538 -0.231305
0.0218346 -0.231712
0.0220182 -0.232118
0.0222045 -0.232523
0.0223935 -0.232926
0.0225853 -0.233328
0.0227797 -0.23373
0.0229768 -0.23413
0.0231766 -0.234529
0.023379 -0.234926
0.023584 -0.235323
0.0237916 -0.235718
0.0240017 -0.236113
0.0242144 -0.236506
0.0244296 -0.236898
0.0246473 -0.237289
0.0248675 -0.237679
0.0250902 -0.238067
0.0253152 -0.238455
0.0255427 -0.238841
0.0257726 -0.239227
0.0260049 -0.239611
0.0262395 -0.239994
0.0264764 -0.240376
0.0267156 -0.240757
0.0269572 -0.241136
0.0272009 -0.241515
0.027447 -0.241893
0.0276952 -0.242269
0.0279457 -0.242644
0.0281983 -0.243019
0.0284531 -0.243392
0.0287101 -0.243764
0.0289692 -0.244135
0.0292303 -0.244504
0.0294936 -0.244873
0.0297589 -0.245241
0.0300262 -0.245608
0.0302956 -0.245973
0.030567 -0.246337
0.0308403 -0.246701
0.0311156 -0.247063
0.0313929 -0.247424
0.031672 -0.247785
0.0319531 -0.248144
0.0322361 -0.248502
0.0325209 -0.248859
0.0328076 -0.249215
0.0330961 -0.24957
0.0333864 -0.249923
0.0336784 -0.250276
0.0339723 -0.250628
0.0342679 -0.250979
0.0345652 -0.251328
0.0348643 -0.251677
0.035165 -0.252024
0.0354674 -0.252371
0.0357715 -0.252716
0.0360772 -0.253061
0.0363845 -0.253404
0.0366934 -0.253747
0.037004 -0.254088
0.037316 -0.254429
0.0376297 -0.254768
0.0379448 -0.255106
0.0382615 -0.255444
0.0385797 -0.25578
0.0388993 -0.256115
0.0392204 -0.25645
0.039543 -0.256783
0.0398669 -0.257115
0.0401923 -0.257446
0.0405191 -0.257777
0.0408472 -0.258106
0.0411767 -0.258434
0.0415076 -0.258762
0.0418397 -0.259088
0.0421732 -0.259413
0.042508 -0.259738
0.042844 -0.260061
0.0431813 -0.260384
0.0435199 -0.260705
0.0438596 -0.261026
0.0442006 -0.261345
0.0445427 -0.261664
0.0448861 -0.261981
0.0452306 -0.262298
0.0455762 -0.262613
0.045923 -0.262928
0.0462708 -0.263242
0.0466198 -0.263554
0.0469699 -0.263866
0.047321 -0.264177
0.0476732 -0.264487
0.0480264 -0.264796
0.0483806 -0.265104
0.0487358 -0.265411
0.049092 -0.265717
0.0494492 -0.266022
0.0498074 -0.266326
0.0501665 -0.26663
0.0505265 -0.266932
0.0508874 -0.267233
0.0512493 -0.267534
0.051612 -0.267834
0.0519756 -0.268132
0.05234 -0.26843
0.0527053 -0.268727
0.0530714 -0.269023
0.0534383 -0.269318
0.0538061 -0.269612
0.0541746 -0.269905
0.0545438 -0.270197
0.0549139 -0.270488
0.0552847 -0.270779
0.0556562 -0.271068
0.0560284 -0.271357
0.0564013 -0.271645
0.0567749 -0.271931
0.0571492 -0.272217
0.0575241 -0.272502
0.0578997 -0.272787
0.058276 -0.27307
0.0586528 -0.273352
0.0590303 -0.273634
0.0594083 -0.273914
0.0597869 -0.274194
0.0601661 -0.274473
0.0605459 -0.274751
0.0609262 -0.275028
0.061307 -0.275304
0.0616884 -0.27558
0.0620702 -0.275854
0.0624525 -0.276128
0.0628354 -0.2764
0.0632187 -0.276672
0.0636024 -0.276943
0.0639866 -0.277213
0.0643712 -0.277483
0.0647562 -0.277751
0.0651417 -0.278019
0.0655275 -0.278286
0.0659137 -0.278551
0.0663003 -0.278817
0.0666872 -0.279081
0.0670745 -0.279344
0.0674622 -0.279607
0.0678501 -0.279868
0.0682384 -0.280129
0.0686269 -0.280389
0.0690158 -0.280648
0.0694049 -0.280907
0.0697943 -0.281164
0.070184 -0.281421
0.0705739 -0.281677
0.070964 -0.281932
0.0713544 -0.282186
0.0717449 -0.28244
0.0721357 -0.282692
0.0725266 -0.282944
0.0729178 -0.283195
0.0733091 -0.283445
0.0737005 -0.283694
0.0740921 -0.283943
0.0744839 -0.284191
0.0748757 -0.284438
0.0752677 -0.284684
0.0756598 -0.284929
0.076052 -0.285174
0.0764443 -0.285417
0.0768366 -0.28566
0.077229 -0.285902
0.0776215 -0.286144
0.078014 -0.286384
0.0784065 -0.286624
0.0787991 -0.286863
0.0791917 -0.287101
0.0795843 -0.287339
0.0799769 -0.287575
0.0803694 -0.287811
0.080762 -0.288046
0.0811545 -0.288281
0.081547 -0.288514
0.0819394 -0.288747
0.0823318 -0.288979
0.0827241 -0.28921
0.0831163 -0.289441
0.0835084 -0.28967
0.0839004 -0.289899
0.0842924 -0.290128
0.0846842 -0.290355
0.0850759 -0.290582
0.0854674 -0.290808
0.0858588 -0.291033
0.0862501 -0.291257
0.0866412 -0.291481
0.0870321 -0.291704
0.0874229 -0.291926
0.0878135 -0.292147
0.0882038 -0.292368
0.088594 -0.292588
0.088984 -0.292807
0.0893738 -0.293026
0.0897633 -0.293244
0.0901526 -0.293461
0.0905416 -0.293677
0.0909304 -0.293892
0.091319 -0.294107
0.0917073 -0.294321
0.0920953 -0.294535
0.092483 -0.294747
0.0928704 -0.294959
0.0932576 -0.295171
0.0936444 -0.295381
0.0940309 -0.295591
0.0944172 -0.2958
0.094803 -0.296008
0.0951886 -0.296216
0.0955738 -0.296423
0.0959586 -0.296629
0.0963431 -0.296835
0.0967272 -0.29704
0.097111 -0.297244
0.0974944 -0.297447
0.0978774 -0.29765
0.09826 -0.297852
0.0986422 -0.298053
0.099024 -0.298254
0.0994053 -0.298454
0.0997863 -0.298653
0.100167 -0.298852
0.100547 -0.29905
0.100927 -0.299247
0.101306 -0.299444
0.101685 -0.299639
0.102063 -0.299835
0.102441 -0.300029
0.102818 -0.300223
0.103195 -0.300416
0.103571 -0.300609
0.103947 -0.3008
0.104322 -0.300991
0.104697 -0.301182
0.105072 -0.301372
0.105445 -0.301561
0.105819 -0.301749
0.106192 -0.301937
0.106564 -0.302124
0.106935 -0.302311
0.107306 -0.302497
0.107677 -0.302682
0.108047 -0.302866
0.108416 -0.30305
0.108785 -0.303234
0.109153 -0.303416
0.109521 -0.303598
0.109888 -0.303779
0.110254 -0.30396
0.11062 -0.30414
0.110985 -0.304319
0.111349 -0.304498
0.111713 -0.304676
0.112076 -0.304853
0.112439 -0.30503
0.1128 -0.305206
0.113161 -0.305382
0.113521 -0.305557
0.113881 -0.305731
0.11424 -0.305905
0.114598 -0.306078
0.114955 -0.30625
0.115311 -0.306421
0.115667 -0.306593
0.116021 -0.306763
0.116375 -0.306933
0.116728 -0.307102
0.11708 -0.30727
0.117431 -0.307438
0.117781 -0.307605
0.118129 -0.307772
0.118477 -0.307938
0.118824 -0.308103
0.119169 -0.308268
0.119514 -0.308432
0.119857 -0.308595
0.120199 -0.308758
0.120539 -0.308919
0.120878 -0.309081
0.121215 -0.309241
0.121551 -0.309401
0.121886 -0.309561
0.122219 -0.309719
0.12255 -0.309877
0.122879 -0.310034
0.123207 -0.310191
0.123533 -0.310346
0.123857 -0.310502
0.124178 -0.310656
0.124498 -0.31081
0.124816 -0.310962
0.125132 -0.311115
0.125446 -0.311266
0.125757 -0.311417
0.126066 -0.311567
0.126373 -0.311716
0.126678 -0.311865
0.126981 -0.312013
0.127281 -0.31216
0.127579 -0.312306
0.127874 -0.312452
0.128167 -0.312597
0.128458 -0.312741
0.128746 -0.312884
0.129032 -0.313027
0.129316 -0.313169
0.129597 -0.31331
0.129876 -0.313451
0.130153 -0.313591
0.130427 -0.31373
0.130699 -0.313868
0.130968 -0.314006
0.131235 -0.314143
0.131499 -0.314279
0.131762 -0.314415
0.132021 -0.31455
0.132279 -0.314684
0.132534 -0.314817
0.132787 -0.31495
0.133037 -0.315082
0.133286 -0.315213
0.133531 -0.315344
0.133775 -0.315474
0.134016 -0.315603
0.134255 -0.315732
0.134492 -0.31586
0.134727 -0.315987
0.134959 -0.316114
0.135189 -0.316239
0.135417 -0.316365
0.135642 -0.316489
0.135866 -0.316613
0.136087 -0.316736
0.136306 -0.316859
0.136523 -0.316981
0.136737 -0.317102
0.13695 -0.317223
0.13716 -0.317343
0.137369 -0.317462
0.137575 -0.317581
0.137779 -0.317699
0.137981 -0.317817
0.138181 -0.317933
0.138379 -0.31805
0.138575 -0.318165
0.138769 -0.31828
0.13896 -0.318395
0.13915 -0.318508
0.139338 -0.318621
0.139524 -0.318734
0.139707 -0.318846
0.139889 -0.318957
0.140069 -0.319068
0.140247 -0.319178
0.140423 -0.319287
0.140597 -0.319396
0.140769 -0.319505
0.140939 -0.319612
0.141107 -0.31972
0.141274 -0.319826
0.141438 -0.319932
0.141601 -0.320038
0.141762 -0.320142
0.141921 -0.320247
0.142078 -0.32035
0.142233 -0.320453
0.142387 -0.320556
0.142538 -0.320658
0.142688 -0.320759
0.142836 -0.32086
0.142983 -0.320961
0.143127 -0.321061
0.14327 -0.32116
0.143411 -0.321258
0.143551 -0.321357
0.143688 -0.321454
0.143824 -0.321551
0.143959 -0.321648
0.144091 -0.321744
0.144222 -0.321839
0.144351 -0.321934
0.144479 -0.322029
0.144605 -0.322123
0.144729 -0.322216
0.144852 -0.322309
0.144973 -0.322401
0.145092 -0.322493
0.14521 -0.322584
0.145327 -0.322675
0.145441 -0.322766
0.145554 -0.322855
0.145666 -0.322945
0.145776 -0.323034
0.145884 -0.323122
0.145991 -0.32321
0.146097 -0.323297
0.146201 -0.323384
0.146303 -0.32347
0.146404 -0.323556
0.146504 -0.323642
0.146602 -0.323727
0.146698 -0.323811
0.146793 -0.323895
0.146887 -0.323978
0.146979 -0.324061
0.14707 -0.324144
0.147159 -0.324226
0.147247 -0.324308
0.147334 -0.324389
0.147419 -0.32447
0.147502 -0.32455
0.147585 -0.32463
0.147666 -0.324709
0.147745 -0.324788
0.147824 -0.324867
0.147901 -0.324945
0.147976 -0.325022
0.148051 -0.325099
0.148124 -0.325176
0.148196 -0.325252
0.148266 -0.325328
0.148335 -0.325403
0.148403 -0.325478
0.14847 -0.325553
0.148535 -0.325627
0.148599 -0.325701
0.148662 -0.325774
0.148724 -0.325847
0.148784 -0.325919
0.148843 -0.325991
0.148901 -0.326063
0.148958 -0.326134
0.149014 -0.326205
0.149068 -0.326275
0.149121 -0.326345
0.149173 -0.326415
0.149224 -0.326484
0.149274 -0.326553
0.149322 -0.326621
0.14937 -0.326689
0.149416 -0.326757
0.149461 -0.326824
0.149506 -0.326891
0.149549 -0.326957
0.14959 -0.327023
0.149631 -0.327089
0.149671 -0.327154
0.14971 -0.327219
0.149747 -0.327284
0.149784 -0.327348
0.149819 -0.327412
0.149854 -0.327475
0.149887 -0.327538
0.149919 -0.327601
0.149951 -0.327663
0.149981 -0.327725
0.150011 -0.327787
0.150039 -0.327848
0.150066 -0.327909
0.150093 -0.327969
0.150118 -0.328029
0.150142 -0.328089
0.150166 -0.328149
0.150188 -0.328208
0.15021 -0.328267
0.150231 -0.328325
0.15025 -0.328383
0.150269 -0.328441
0.150287 -0.328498
0.150304 -0.328555
0.15032 -0.328612
0.150335 -0.328668
0.150349 -0.328724
0.150363 -0.32878
0.150375 -0.328835
0.150387 -0.328891
0.150398 -0.328945
0.150408 -0.329
0.150417 -0.329054
0.150425 -0.329108
0.150432 -0.329161
0.150439 -0.329214
0.150444 -0.329267
0.150449 -0.32932
0.150453 -0.329372
0.150457 -0.329424
0.150459 -0.329475
0.150461 -0.329527
0.150462 -0.329577
0.150462 -0.329628
0.150461 -0.329679
0.15046 -0.329729
0.150458 -0.329778
0.150455 -0.329828
0.150451 -0.329877
0.150447 -0.329926
0.150442 -0.329975
0.150436 -0.330023
0.15043 -0.330071
0.150422 -0.330119
0.150414 -0.330166
0.150406 -0.330213
0.150396 -0.33026
0.150387 -0.330307
0.150377 -0.330354
0.150368 -0.3304
0.150359 -0.330447
0.150349 -0.330493
0.150339 -0.33054
0.15033 -0.330586
0.15032 -0.330632
0.150311 -0.330679
0.150301 -0.330725
0.150291 -0.330771
0.150282 -0.330817
0.150272 -0.330863
0.150262 -0.330909
0.150252 -0.330955
0.150243 -0.331
0.150233 -0.331046
0.150223 -0.331091
0.150213 -0.331137
0.150203 -0.331182
0.150193 -0.331228
0.150183 -0.331273
0.150173 -0.331318
0.150163 -0.331363
0.150153 -0.331408
0.150143 -0.331453
0.150133 -0.331498
0.150123 -0.331543
0.150113 -0.331588
0.150102 -0.331632
0.150092 -0.331677
0.150082 -0.331721
0.150072 -0.331766
0.150062 -0.33181
0.150051 -0.331854
0.150041 -0.331898
0.150031 -0.331943
0.15002 -0.331987
0.15001 -0.332031
0.15 -0.332074
0.149989 -0.332118
0.149979 -0.332162
0.149969 -0.332205
0.149958 -0.332249
0.149948 -0.332292
0.149937 -0.332336
0.149927 -0.332379
0.149916 -0.332422
0.149906 -0.332465
0.149895 -0.332508
0.149885 -0.332551
0.149874 -0.332594
0.149863 -0.332637
0.149853 -0.33268
0.149842 -0.332722
0.149832 -0.332765
0.149821 -0.332807
0.14981 -0.33285
0.149799 -0.332892
0.149789 -0.332934
0.149778 -0.332976
0.149767 -0.333019
0.149757 -0.33306
0.149746 -0.333102
0.149735 -0.333144
0.149724 -0.333186
0.149713 -0.333227
0.149703 -0.333269
0.149692 -0.33331
0.149681 -0.333352
0.14967 -0.333393
0.149659 -0.333434
0.149648 -0.333475
0.149638 -0.333516
0.149627 -0.333557
0.149616 -0.333598
0.149605 -0.333639
0.149594 -0.33368
0.149583 -0.33372
0.149572 -0.333761
0.149561 -0.333801
0.14955 -0.333842
0.149539 -0.333882
0.149528 -0.333922
0.149517 -0.333962
0.149506 -0.334002
0.149495 -0.334042
0.149484 -0.334082
0.149473 -0.334121
0.149462 -0.334161
0.149451 -0.334201
0.14944 -0.33424
0.149429 -0.334279
0.149418 -0.334319
0.149407 -0.334358
0.149396 -0.334397
0.149384 -0.334436
0.149373 -0.334475
0.149362 -0.334514
0.149351 -0.334553
0.14934 -0.334591
0.149329 -0.33463
0.149318 -0.334668
0.149307 -0.334707
0.149296 -0.334745
0.149284 -0.334783
0.149273 -0.334821
0.149262 -0.334859
0.149251 -0.334897
0.14924 -0.334935
0.149229 -0.334973
0.149217 -0.335011
0.149206 -0.335048
0.149195 -0.335086
0.149184 -0.335123
0.149173 -0.33516
0.149162 -0.335198
0.14915 -0.335235
0.149139 -0.335272
0.149128 -0.335309
0.149117 -0.335346
0.149106 -0.335382
0.149094 -0.335419
0.149083 -0.335456
0.149072 -0.335492
0.149061 -0.335528
0.14905 -0.335565
0.149038 -0.335601
0.149027 -0.335637
0.149016 -0.335673
0.149005 -0.335709
0.148994 -0.335745
0.148982 -0.335781
0.148971 -0.335816
0.14896 -0.335852
0.148949 -0.335888
0.148938 -0.335923
0.148926 -0.335958
0.148915 -0.335993
0.148904 -0.336029
0.148893 -0.336064
0.148882 -0.336099
0.14887 -0.336133
0.148859 -0.336168
0.148848 -0.336203
0.148837 -0.336237
0.148826 -0.336272
0.148815 -0.336306
0.148803 -0.336341
0.148792 -0.336375
0.148781 -0.336409
0.14877 -0.336443
0.148759 -0.336477
0.148748 -0.336511
0.148736 -0.336544
0.148725 -0.336578
0.148714 -0.336612
0.148703 -0.336645
0.148692 -0.336679
0.148681 -0.336712
0.14867 -0.336745
0.148658 -0.336778
0.148647 -0.336811
0.148636 -0.336844
0.148625 -0.336877
0.148614 -0.33691
0.148603 -0.336942
0.148592 -0.336975
0.148581 -0.337007
0.14857 -0.33704
0.148559 -0.337072
0.148548 -0.337104
0.148536 -0.337136
0.148525 -0.337168
0.148514 -0.3372
0.148503 -0.337232
0.148492 -0.337264
0.148481 -0.337295
0.14847 -0.337327
0.148459 -0.337358
0.148448 -0.33739
0.148437 -0.337421
